20
50 10600 10
120 10900 15
200 21100 12
280 41300 20
350 21500 10
430 21700 18
500 11900 15
580 12100 10
650 22300 20
720 32500 12
800 22700 15
880 32900 10
960 33100 18
1040 43300 14
1120 34500 16
11200 37500 12
1280 39060 15
1360 41007 10
1440 43008 20
21520 45006 15
0 320 540 210 870 430 150 760 390 980 610 120 840 300 700 460 250 920 580 110 660
400 0 670 150 360 520 890 240 710 180 940 300 620 480 830 200 760 140 990 410 550
620 280 0 730 190 850 260 910 340 120 780 560 200 870 430 950 310 640 170 820 460
310 880 140 0 460 920 370 150 830 290 610 740 120 980 500 260 890 430 700 340 910
900 260 780 120 0 640 180 990 410 850 300 720 560 140 960 380 210 870 450 690 520
520 430 960 870 250 0 740 390 120 910 580 160 840 300 700 460 250 920 610 180 760
140 890 320 450 760 210 0 830 290 640 170 980 500 260 870 430 700 340 920 580 300
800 240 910 150 990 420 350 0 610 120 780 560 200 870 430 950 310 640 170 820 410
390 720 360 840 410 130 980 270 0 760 240 900 350 610 180 830 290 640 170 870 540
970 180 140 300 860 920 260 710 120 0 580 160 840 430 700 250 990 310 640 200 890
600 940 780 650 320 580 170 830 290 120 0 740 200 960 430 850 310 640 180 900 730
150 300 560 720 740 160 980 560 900 170 760 0 840 430 700 250 990 310 640 200 480
860 620 200 140 560 840 500 200 350 830 240 840 0 960 430 850 310 640 180 900 610
320 480 870 980 140 300 260 870 610 430 960 430 150 0 700 250 990 310 640 200 750
720 830 430 500 960 700 870 430 180 700 430 700 960 210 0 850 310 640 180 900 340
460 200 950 260 380 460 430 950 830 250 850 250 850 250 430 0 990 310 640 200 820
250 760 310 890 210 250 700 310 290 990 310 990 310 990 310 990 0 640 180 900 570
920 140 640 430 870 920 340 640 640 310 640 310 640 310 640 310 640 0 180 900 690
580 990 170 700 450 610 920 170 170 640 180 640 180 640 180 640 180 640 0 900 520
110 410 820 340 690 180 580 820 870 200 900 200 900 200 900 200 900 900 900 0 760
660 550 460 910 520 760 300 410 540 890 730 480 610 750 340 820 570 690 520 760 0
