22
1225 1291 7
796 840 5
549 615 16
311 409 13
873 958 20
708 780 7
610 651 9
41 95 9
625 667 17
221 307 5
1113 1161 6
334 384 19
121 174 8
483 557 10
1035 1106 12
994 1074 6
281 365 19
65 145 16
1167 1261 15
1087 1157 6
391 468 6
1261 1304 19
0 58 96 15 51 24 24 10 57 97 28 33 63 10 79 7 46 80 62 37 41 55 94
97 0 37 86 18 57 43 75 98 86 57 17 72 23 53 49 5 80 19 5 97 55 36
25 70 0 19 15 72 57 16 75 72 14 83 44 20 31 27 6 93 87 85 60 84 77
22 100 62 0 79 16 18 51 94 44 48 40 79 48 5 31 81 82 91 74 92 37 11
38 26 34 31 0 9 87 24 10 47 80 24 9 66 12 63 26 70 55 5 82 18 64
5 70 15 17 26 0 60 81 98 74 44 14 73 84 76 58 99 12 32 73 95 68 69
82 49 87 96 88 62 0 66 11 48 90 46 52 94 50 13 51 71 75 92 7 67 41
12 84 85 49 17 24 96 0 79 11 76 78 97 13 52 73 12 11 51 41 43 67 94
13 93 19 58 57 57 78 94 0 82 10 5 24 11 50 48 44 6 11 23 74 40 23
72 94 23 38 47 71 58 99 34 0 53 27 60 82 52 6 53 93 43 9 24 67 92
99 89 27 10 48 100 6 18 46 91 0 46 75 47 70 13 87 55 37 81 90 45 90
22 98 95 93 75 55 10 97 9 32 8 0 65 36 11 12 24 38 24 50 78 63 51
76 22 43 84 100 45 41 82 7 45 44 96 0 93 17 86 60 50 29 76 26 34 10
88 19 10 21 98 41 93 100 95 96 91 96 28 0 5 14 71 80 84 34 68 73 75
88 81 16 52 27 93 88 73 54 15 62 72 77 15 0 73 75 46 21 7 44 12 52
71 65 12 67 31 63 23 67 54 21 22 58 27 74 87 0 20 31 81 77 42 17 93
38 99 12 78 67 5 54 22 77 94 60 27 26 50 82 40 0 45 37 90 73 55 65
64 40 54 93 17 15 42 13 41 57 31 16 26 48 66 63 87 0 67 69 28 21 72
48 53 89 47 74 65 78 58 33 34 43 72 66 42 28 90 11 61 0 59 99 41 41
45 26 67 71 21 60 36 47 28 64 26 84 92 23 30 78 58 13 71 0 65 100 8
39 44 85 74 94 24 59 86 17 47 82 24 46 9 68 67 63 55 36 64 0 37 85
36 94 29 56 82 25 37 72 34 98 33 87 6 81 76 48 28 61 71 24 27 0 89
18 28 65 84 77 56 71 92 23 44 7 47 28 56 67 49 78 100 33 14 35 100 0
