16
163 5232 18
136 5221 5
84 5142 6
62 5724 15
67 5617 9
756 5814 19
49 5525 10
71 5054 13
94 5143 10
43 2899 10
729 3788 10
65 3329 16
7 153 10
367 5453 7
32 1607 6
84 2971 18
0 93 6 17 51 64 36 93 47 25 69 85 57 12 86 26 95
25 0 69 93 10 10 35 88 23 55 68 97 83 94 15 42 44
25 73 0 71 54 72 36 89 66 40 71 79 62 56 46 52 50
51 56 57 0 20 52 100 33 24 20 26 45 62 55 100 25 68
44 25 9 89 0 99 56 96 19 99 55 58 58 73 39 88 36
100 56 26 57 81 0 50 97 28 79 31 57 60 36 67 40 6
91 45 38 30 97 39 0 39 72 51 70 27 84 72 57 29 79
39 9 58 94 34 38 72 0 38 68 42 30 60 87 54 66 48
49 53 13 90 63 91 38 82 0 47 94 79 70 40 30 74 69
49 70 44 13 98 65 26 21 87 0 59 75 85 39 35 21 41
49 66 89 16 29 40 41 99 23 9 0 89 83 62 72 55 31
19 94 34 85 68 71 22 6 72 91 61 0 31 84 61 49 57
20 29 10 57 14 35 29 17 83 39 35 83 0 16 79 56 70
43 99 7 98 92 72 66 91 12 81 13 29 89 0 62 58 21
20 12 78 10 48 12 74 82 15 85 14 57 44 73 0 55 64
90 24 63 48 22 24 23 95 68 76 97 32 66 26 62 0 11
23 66 71 67 69 64 75 78 64 12 16 46 93 25 74 5 0
