50
885 4694 20
384 2728 16
154 3745 5
1020 3661 15
942 4543 21
152 4023 22
461 3942 7
2384 2501 16
760 4577 29
1384 2551 21
969 3554 5
2108 4483 21
1430 3689 6
3749 4507 17
1209 3802 28
1344 3798 21
1146 4022 23
328 1051 29
833 2844 21
69 1589 25
801 3235 5
99 1770 13
2220 3898 9
50 2760 21
835 4687 24
1009 3813 22
2411 4731 19
266 4090 20
234 3044 24
959 3194 7
788 4203 25
78 3070 11
1278 4354 18
438 3799 10
2281 4489 25
111 4599 27
117 3822 15
2328 4539 6
852 3834 5
1764 4748 7
1204 4548 15
2471 4653 23
447 2525 28
1630 3563 20
447 4465 26
1263 2560 12
730 4668 9
186 4696 6
2733 4132 27
888 4069 24
0 136 139 154 162 181 180 194 146 113 116 101 127 191 141 147 176 175 186 146 156 137 157 137 106 113 115 137 164 134 144 183 130 153 151 196 198 172 132 102 122 199 193 191 138 199 141 152 122 137 142
198 0 154 176 177 146 105 113 115 38 115 26 12 125 18 150 150 116 153 109 154 137 136 34 197 25 20 15 141 174 187 35 156 34 144 12 102 35 131 148 46 12 38 114 131 181 142 165 33 25 163
164 180 0 38 16 43 32 37 40 141 35 138 102 31 195 46 15 46 37 32 12 22 37 197 15 115 131 112 36 11 38 109 12 127 41 131 25 166 14 32 181 144 135 45 30 24 30 16 195 147 46
154 137 13 0 34 30 20 42 41 106 23 143 113 37 192 34 14 43 31 28 16 47 12 178 42 190 150 192 36 10 37 190 42 114 19 141 38 118 30 49 174 152 154 16 23 25 40 44 117 151 38
128 123 36 40 0 36 40 43 48 183 45 118 134 46 115 32 13 25 13 44 15 23 22 177 35 121 106 139 18 10 37 199 20 177 43 134 29 179 31 42 117 192 149 23 44 41 12 37 113 161 39
111 179 11 25 47 0 39 44 46 192 44 133 184 15 155 33 43 29 18 49 27 10 30 104 20 149 184 126 35 25 38 154 15 116 17 107 18 142 23 16 129 133 112 36 30 32 26 40 191 124 44
103 123 31 27 45 35 0 30 22 136 15 136 182 10 133 41 49 35 24 32 19 29 46 173 36 189 144 134 26 13 14 131 13 190 34 144 48 132 19 14 174 182 115 13 33 33 25 32 151 173 46
153 197 18 44 48 19 13 0 39 145 40 108 117 33 155 47 48 21 44 34 32 20 46 102 22 113 186 186 28 29 30 165 19 172 20 122 39 165 40 26 198 123 116 12 43 10 47 22 193 172 29
149 148 23 29 46 11 19 40 0 128 42 131 196 17 180 10 12 15 49 49 46 20 15 130 13 177 124 127 48 30 26 135 44 159 19 105 27 155 34 45 117 100 169 17 32 37 48 28 185 152 48
169 21 108 148 162 199 113 152 197 0 195 49 27 143 46 103 162 118 143 110 102 172 194 47 128 18 11 46 139 120 100 37 170 15 185 47 128 37 179 169 29 36 31 141 181 142 157 186 16 28 182
159 163 44 24 11 14 28 39 20 112 0 122 138 41 136 28 45 39 40 18 36 30 25 138 39 112 159 120 13 45 17 119 33 166 20 169 44 142 48 39 153 118 153 19 19 36 24 30 184 145 23
121 14 178 168 155 116 169 169 155 46 140 0 38 175 28 154 121 127 149 137 170 120 191 47 114 22 29 45 150 160 133 31 136 13 193 30 133 36 132 159 27 45 14 137 121 148 118 190 37 29 171
106 33 113 165 180 141 198 129 132 43 144 30 0 129 11 181 107 132 198 130 123 133 167 33 184 33 24 44 137 162 127 48 180 39 122 11 179 47 140 137 17 28 49 107 134 141 131 111 31 38 174
115 152 24 36 27 35 12 47 20 197 38 182 190 0 169 35 34 16 39 44 24 25 17 176 16 150 176 169 44 24 41 136 11 197 24 155 29 117 15 13 195 172 144 19 46 12 34 22 132 115 34
108 10 176 179 121 167 173 103 199 29 115 19 46 162 0 185 113 191 145 105 197 164 142 34 181 12 45 33 183 191 105 22 137 18 131 45 161 34 193 124 18 15 44 142 136 127 112 168 10 10 121
177 194 36 19 42 29 38 10 45 131 42 194 187 14 172 0 23 25 18 31 46 48 15 196 14 112 192 184 10 17 24 163 49 169 10 132 37 142 17 22 186 109 127 48 14 18 10 13 150 173 13
182 121 17 40 22 32 21 47 30 169 45 101 168 13 183 38 0 49 29 27 47 48 49 187 41 124 196 174 42 14 49 176 40 140 15 190 43 155 47 10 197 173 113 14 12 16 19 36 191 150 46
104 171 33 20 26 23 24 23 10 169 41 194 146 23 185 34 42 0 34 47 49 11 43 105 36 199 161 113 32 30 11 158 12 121 16 110 33 107 30 37 107 119 168 33 12 30 49 42 114 199 21
192 194 43 36 29 25 29 43 11 139 39 118 119 18 165 26 39 16 0 21 22 15 32 182 35 147 123 103 44 26 45 132 43 113 48 150 23 195 30 24 198 103 153 39 18 47 16 38 135 146 23
167 192 14 46 26 32 23 16 11 191 47 110 179 26 111 37 16 35 18 0 24 12 16 147 39 150 184 163 21 29 22 159 43 150 13 152 43 181 15 49 103 133 108 25 40 44 49 48 104 129 14
125 128 30 13 45 17 49 14 16 176 10 147 163 21 102 13 36 30 16 16 0 16 35 197 38 194 192 129 47 40 16 131 48 176 20 184 27 131 47 39 185 171 177 18 44 11 38 18 113 163 10
127 158 39 25 16 32 14 13 22 110 49 109 173 35 166 25 27 20 36 17 13 0 34 101 19 166 161 178 41 47 39 139 26 144 45 136 43 131 14 36 181 127 175 13 18 23 41 13 180 135 39
142 184 13 35 21 28 30 31 11 142 41 126 119 10 119 46 25 11 31 16 29 25 0 142 23 179 192 122 32 46 46 158 12 122 30 150 12 149 36 17 172 126 161 38 39 30 27 15 145 195 40
108 17 105 165 148 113 145 148 173 41 115 11 23 178 39 142 191 131 158 134 145 121 113 0 158 33 10 25 155 188 100 15 137 48 161 49 152 21 173 122 27 24 27 149 129 132 191 161 11 37 132
158 142 30 33 42 21 17 21 45 172 32 110 163 36 117 28 23 23 47 38 34 25 17 124 0 142 196 152 29 27 15 187 35 164 31 120 46 165 49 41 154 170 138 23 37 25 33 26 199 128 31
155 17 131 179 113 147 140 189 118 15 182 21 32 103 20 123 137 100 121 170 129 171 151 37 114 0 43 46 165 191 189 29 196 29 191 33 141 22 148 155 13 24 23 188 197 187 148 113 27 33 178
140 49 120 124 102 125 170 123 186 33 103 25 37 140 42 112 110 110 110 169 181 177 159 22 103 47 0 27 148 155 120 19 135 21 153 37 109 43 144 115 17 35 13 154 135 114 157 170 43 49 191
159 25 121 167 115 175 190 149 140 30 134 46 15 116 41 190 199 106 196 142 169 136 131 49 152 27 47 0 195 105 132 49 146 26 166 11 110 26 138 164 21 13 13 145 198 188 197 152 41 37 179
147 114 32 35 14 35 16 39 19 185 30 194 134 33 114 28 38 25 20 42 21 27 13 182 20 150 120 179 0 35 18 197 38 136 27 190 23 111 38 40 113 135 126 22 44 22 49 26 117 122 13
118 177 18 37 12 32 49 14 29 158 27 165 150 43 193 17 36 23 33 46 42 38 22 104 46 106 101 188 33 0 47 112 27 171 36 165 42 135 30 32 111 162 137 41 40 33 12 38 140 191 34
176 104 19 42 33 44 34 12 42 196 40 177 138 18 155 31 24 36 24 22 18 22 12 198 37 152 100 104 22 15 0 133 21 187 37 123 45 100 25 26 126 107 191 41 11 36 37 42 181 193 46
125 46 144 137 163 147 120 124 184 18 142 18 29 135 28 173 132 137 170 142 114 181 100 19 174 27 23 11 143 162 110 0 173 32 139 22 112 43 166 199 36 14 23 141 185 198 169 123 20 42 158
176 183 40 20 38 16 34 32 16 189 46 177 169 34 155 38 41 16 46 44 11 34 27 100 49 148 157 130 34 32 10 193 0 163 15 180 12 116 49 13 144 125 168 23 38 10 40 49 117 135 48
166 27 156 187 198 170 170 100 115 22 133 47 26 176 26 107 174 132 121 159 180 175 133 43 168 49 36 30 115 136 174 41 163 0 108 18 104 42 116 198 49 43 36 141 156 115 191 194 15 38 110
139 189 46 45 35 20 25 29 29 116 19 165 153 10 134 48 24 39 24 19 21 31 30 129 48 153 151 138 35 35 40 163 36 103 0 131 38 105 24 44 144 123 159 39 23 42 49 18 101 114 31
106 47 120 189 176 141 116 188 159 40 170 42 16 163 12 164 133 117 195 173 118 115 111 38 136 39 31 15 175 159 121 25 184 28 150 0 131 21 161 159 14 37 35 135 144 145 166 197 21 36 197
172 182 19 48 34 31 16 49 34 161 20 177 130 32 122 33 25 29 34 14 16 10 17 144 40 180 193 199 17 48 13 127 18 184 14 144 0 102 18 20 189 189 113 37 17 46 46 34 165 139 34
199 48 184 127 109 167 151 117 197 20 199 41 28 104 42 161 190 141 132 191 171 136 125 33 166 40 36 32 128 109 143 27 170 21 174 28 134 0 141 139 43 44 20 187 104 146 155 153 30 29 196
197 184 32 17 46 38 29 36 26 168 21 146 103 48 103 44 31 33 12 45 46 22 40 101 33 142 170 141 23 41 28 166 35 115 27 109 11 126 0 22 171 110 113 44 14 11 48 26 172 180 16
175 191 13 15 15 20 37 41 45 196 14 134 160 40 172 39 49 49 20 21 46 22 31 158 20 142 159 166 23 22 29 100 34 137 11 195 33 109 33 0 143 123 194 28 34 43 36 49 186 135 30
171 20 168 199 165 151 196 102 190 13 168 49 22 100 40 112 181 141 150 101 136 195 128 30 115 32 49 49 177 180 153 27 194 17 169 38 155 40 144 138 0 25 12 190 172 190 185 182 49 48 170
105 21 129 171 164 161 184 166 157 21 131 12 49 150 43 194 120 177 188 165 169 168 157 25 141 44 25 38 180 172 195 21 195 46 103 17 124 11 178 125 33 0 11 131 103 180 116 112 21 43 140
119 22 105 152 134 171 147 148 116 11 194 16 49 109 13 135 173 128 107 174 101 140 158 27 120 15 45 38 116 179 198 34 114 37 100 45 134 43 108 154 33 33 0 106 100 105 100 165 33 27 150
197 145 26 33 47 40 46 35 27 154 17 108 149 32 190 35 46 18 26 29 17 10 29 134 28 144 112 173 35 41 14 121 30 191 33 165 39 148 21 11 165 111 166 0 48 11 34 46 145 197 10
184 109 27 41 25 30 25 32 11 106 34 134 127 25 126 13 25 10 23 41 20 10 33 186 10 169 178 118 35 31 20 147 45 190 11 104 31 145 15 27 145 190 146 25 0 11 28 17 164 199 40
113 149 39 14 10 40 42 10 40 106 41 116 150 47 185 22 18 30 11 16 24 41 30 151 15 180 182 170 19 28 25 164 25 123 26 149 29 164 13 47 127 196 169 34 36 0 26 38 139 194 22
182 139 43 32 32 37 12 17 19 182 17 169 102 47 133 11 41 41 23 24 25 20 10 165 10 100 156 185 14 11 31 110 16 166 20 141 43 192 47 37 132 102 107 25 13 34 0 22 120 139 28
125 158 30 17 35 22 36 19 15 168 20 139 167 46 126 45 44 31 35 36 27 10 27 145 33 133 152 147 47 47 32 133 28 113 29 157 31 164 19 34 163 192 160 17 36 24 21 0 107 130 14
117 40 166 133 109 141 113 109 149 20 194 44 25 142 11 100 141 112 114 136 194 184 168 11 104 10 18 18 151 118 169 14 148 32 165 33 164 35 132 165 47 40 45 174 126 148 154 153 0 22 103
110 23 189 129 182 174 196 192 133 19 196 11 49 162 44 104 150 120 112 101 112 166 123 44 182 27 17 29 137 173 107 20 159 26 192 46 195 30 116 185 14 19 47 140 138 104 111 126 22 0 178
141 146 41 33 12 40 22 48 44 156 16 174 149 23 182 11 29 36 15 46 49 41 49 111 14 142 121 101 43 19 42 162 48 120 16 113 12 116 17 30 163 130 182 12 20 25 43 46 104 186 0
