20
1657 2092 29
81 1232 27
756 1780 9
131 2026 20
111 2037 26
749 1586 17
1832 2225 8
783 1196 16
29 620 14
286 1054 16
544 2248 20
580 2215 25
198 812 19
383 2247 11
685 2248 17
178 1056 22
536 2244 11
74 887 11
1237 1905 28
176 1031 29
0 190 163 174 137 159 188 175 105 161 145 148 151 111 168 199 185 165 151 179 153
144 0 122 34 127 188 103 21 138 121 139 109 19 174 21 25 190 14 191 43 175
100 186 0 180 29 15 44 183 34 29 20 32 144 22 188 194 12 134 27 133 47
134 18 130 0 107 121 182 22 142 123 156 186 41 179 48 35 192 18 118 19 159
114 178 28 173 0 10 42 124 18 33 17 21 178 10 104 125 35 177 45 174 15
190 180 23 105 13 0 35 149 15 29 19 14 162 46 181 199 32 145 22 177 48
199 153 49 155 47 12 0 114 33 15 22 39 143 30 115 158 43 114 21 157 44
114 44 110 34 172 120 175 0 145 199 125 162 22 140 29 23 165 29 178 40 137
100 130 21 149 15 38 42 169 0 27 34 29 172 40 112 191 28 142 21 184 32
152 133 22 173 13 37 37 149 23 0 41 26 172 47 186 164 18 176 12 144 29
156 167 15 187 38 19 26 136 28 29 0 25 124 11 141 123 36 177 32 123 42
104 176 18 161 30 22 36 195 29 18 18 0 179 44 160 187 49 125 18 152 27
159 31 183 48 199 129 105 22 143 145 169 168 0 144 26 13 113 41 185 13 177
145 140 21 197 13 12 10 149 14 19 48 43 171 0 108 116 13 176 10 157 29
112 38 179 46 176 166 180 13 112 191 193 129 13 111 0 13 182 41 149 15 143
176 39 188 49 173 164 120 43 144 129 123 198 31 106 39 0 122 46 154 47 185
174 160 43 105 25 39 48 193 21 29 48 21 132 20 102 162 0 183 47 134 28
121 39 136 48 108 154 191 45 105 196 101 143 34 113 46 42 183 0 195 25 162
170 138 12 160 40 13 17 168 39 29 33 20 110 45 182 143 37 195 0 156 21
128 32 172 39 104 108 103 49 151 135 150 137 24 109 10 20 177 38 148 0 167
125 127 29 192 22 19 20 191 19 29 36 37 159 21 123 105 40 174 24 102 0
