100
6442 7840 28
3 5363 25
475 6682 14
3003 7891 8
1030 4406 17
3242 9156 21
3178 8631 8
2095 8252 18
2313 6022 13
35 5917 15
2184 9131 28
318 7433 5
54 8895 15
2896 5733 11
2920 8255 21
7185 9295 28
1376 4816 28
4917 9417 21
2561 9003 12
8186 9380 9
265 5331 24
4451 8827 26
2721 7367 29
1834 8329 11
757 8540 11
438 8271 19
193 4738 19
2805 8704 19
5659 7054 6
4111 9016 29
1498 6878 25
1109 6480 10
5268 9114 13
1429 9411 28
176 7106 28
2245 9292 16
4210 8585 26
3614 7200 11
7193 8380 25
1037 7888 26
558 5779 5
3063 9223 14
1315 9400 16
4096 6850 17
2935 7953 9
1096 3926 21
8583 9465 8
3595 6158 6
3631 8521 18
180 4638 11
4875 8265 8
143 8705 7
3098 9318 14
1492 9302 28
3783 9320 6
4239 5896 26
921 4523 18
19 7912 25
2710 5017 17
3429 7841 29
1050 2473 8
4071 8987 9
1206 7580 5
2312 5908 14
2886 4925 21
2264 5376 14
6212 8895 25
323 7325 7
5575 5735 24
1358 6215 22
891 7215 7
1809 5405 26
7062 7218 8
1534 7869 27
2236 9161 29
2492 6941 9
127 6321 7
1706 4621 10
4151 7967 26
5573 8315 18
1499 5640 5
3787 5206 8
987 4151 14
1015 2431 11
2406 5766 11
1815 7295 19
1886 8451 14
461 4694 5
203 3696 14
795 4588 17
2171 8416 15
4417 8576 13
2411 4894 25
3481 8055 12
2579 8949 19
1334 3725 29
178 9043 9
57 7040 23
378 8325 29
7707 8995 20
0 199 110 193 107 121 106 184 159 153 199 157 169 139 131 169 156 116 107 134 196 129 183 125 187 113 155 119 130 165 108 178 140 157 150 135 121 107 158 159 171 170 182 127 133 177 171 123 194 156 124 150 121 171 109 123 192 158 163 112 137 195 194 135 138 120 103 185 134 110 198 173 192 138 172 179 157 156 117 175 182 148 183 118 105 193 101 111 188 152 199 104 184 171 171 159 172 144 150 180 145
118 0 130 35 37 184 24 34 129 172 133 170 18 197 131 37 49 116 38 12 28 111 35 20 29 49 16 106 32 17 46 41 163 30 45 147 42 15 37 45 11 109 39 11 36 48 173 43 24 24 111 28 37 45 16 12 24 118 188 14 31 181 16 15 40 151 32 14 159 15 35 124 48 16 198 133 40 23 123 45 16 174 38 150 191 10 139 35 126 100 143 16 40 165 169 19 146 176 103 19 38
110 136 0 184 110 18 134 104 14 12 11 44 190 39 10 131 113 33 197 155 172 32 168 199 152 176 185 35 136 189 153 135 11 108 110 17 121 195 183 181 171 27 111 198 143 181 47 122 168 147 43 107 168 125 115 112 168 35 20 140 137 44 140 173 128 34 195 192 47 148 187 34 163 188 40 45 168 108 29 144 166 19 121 12 36 131 29 172 15 38 29 152 142 39 38 106 28 29 48 132 108
188 26 126 0 26 196 41 30 193 140 174 109 29 179 179 31 26 130 45 32 26 137 21 40 43 29 30 141 37 42 26 25 172 42 35 100 47 27 38 35 40 110 40 17 45 32 169 15 44 11 109 35 25 36 19 23 25 192 191 32 31 186 11 25 32 172 14 15 195 40 40 184 36 25 150 134 36 39 196 46 35 118 18 168 196 24 152 40 144 101 197 47 37 115 136 21 162 160 175 19 27
176 25 131 26 0 136 31 36 143 138 177 137 37 126 156 21 10 116 22 45 29 187 46 20 11 36 24 111 23 20 15 20 169 46 34 100 13 38 24 36 41 171 30 11 29 38 125 16 40 26 191 12 36 26 29 34 17 192 139 14 10 162 35 43 49 166 27 48 154 11 18 191 24 42 134 198 15 26 122 39 43 194 16 192 185 24 161 41 122 182 166 42 20 198 179 36 162 152 109 36 12
172 146 48 174 198 0 129 117 15 23 33 34 178 49 34 150 110 21 162 198 175 39 109 101 111 102 141 28 183 149 117 150 13 142 175 26 192 178 152 195 179 27 194 115 185 130 26 194 154 109 39 120 184 149 137 144 108 42 26 123 171 44 134 194 186 44 185 150 12 112 142 12 179 106 31 33 171 149 31 100 112 18 151 39 14 178 10 111 48 24 12 193 117 28 40 137 43 41 29 118 108
156 34 112 47 43 158 0 30 180 164 160 104 26 148 135 26 38 167 41 25 37 109 37 37 31 16 39 102 37 22 43 16 105 24 39 124 19 21 41 22 23 159 38 23 32 18 195 27 47 28 152 47 43 28 21 22 38 147 123 37 22 196 33 12 38 109 30 34 187 40 22 122 23 18 156 127 23 30 140 32 37 111 10 163 100 20 169 27 158 105 102 26 28 165 162 33 102 151 130 21 45
142 26 130 12 43 162 39 0 122 176 128 180 16 185 189 13 44 183 15 38 45 128 24 20 34 33 11 107 16 18 21 38 178 12 49 193 47 37 36 29 12 125 30 28 30 25 136 39 36 47 111 16 25 22 18 21 43 159 184 39 24 142 16 23 17 117 23 38 131 18 37 198 19 33 133 121 39 36 190 47 44 164 46 113 194 34 157 28 116 117 158 15 16 152 174 23 139 178 108 44 47
185 173 27 151 161 13 139 172 0 35 45 22 105 44 27 113 169 39 169 101 130 38 183 133 136 110 193 29 168 104 181 116 22 192 161 40 115 152 161 185 135 33 199 109 104 102 32 166 180 119 28 105 113 139 161 126 101 37 11 171 194 42 118 183 153 34 123 198 30 113 150 27 120 161 14 25 115 184 34 186 107 11 145 38 20 140 49 118 32 41 16 180 166 16 17 102 13 36 33 188 115
147 142 18 101 123 28 114 187 37 0 18 29 150 12 49 181 139 47 169 123 126 40 178 121 145 121 176 10 132 173 168 136 21 189 131 24 119 155 123 143 196 18 142 114 148 149 30 192 116 123 24 185 172 154 119 171 168 23 23 131 194 24 146 196 132 32 188 153 11 113 187 23 125 183 43 22 181 166 38 187 184 12 176 47 24 114 43 112 40 23 46 141 171 47 36 114 25 27 29 116 171
130 171 45 163 147 28 158 178 24 49 0 31 117 36 37 124 103 29 157 133 190 31 134 167 147 105 183 41 135 188 140 134 19 114 140 19 156 161 145 144 144 12 147 142 132 199 33 131 188 198 31 134 146 166 163 190 175 37 46 118 165 42 172 188 136 22 156 171 27 172 162 13 103 137 34 27 129 176 30 177 113 45 181 39 47 173 17 127 28 14 19 133 135 27 14 165 25 22 42 192 106
162 170 40 119 126 30 105 108 12 10 42 0 120 30 22 177 150 29 124 127 136 33 176 192 130 198 151 27 126 111 102 164 16 121 183 23 101 109 120 197 183 29 117 107 152 126 38 139 172 124 27 164 103 199 111 131 162 11 47 101 175 18 169 165 131 48 112 186 15 158 170 14 131 152 49 43 107 151 10 119 112 13 198 48 35 130 22 171 33 22 46 189 175 15 22 199 43 36 42 190 151
137 23 176 34 36 157 44 46 106 136 135 194 0 100 145 11 39 123 10 42 22 155 39 49 26 34 36 157 17 45 45 14 128 35 48 186 12 37 45 13 19 181 40 27 36 30 195 13 45 19 179 22 45 38 41 49 36 192 183 29 25 129 17 15 41 141 38 14 165 11 20 110 33 37 154 124 11 10 161 33 11 127 25 112 153 48 145 49 198 114 102 20 44 183 142 11 158 156 180 42 48
179 114 33 186 174 21 120 144 24 40 23 42 111 0 36 126 144 22 186 124 129 39 190 138 150 132 111 32 140 183 174 194 19 153 126 43 175 141 157 137 111 38 176 105 121 181 43 172 129 183 43 101 189 120 147 186 107 49 43 126 151 21 158 196 148 29 172 174 48 113 166 14 172 176 11 16 103 149 24 100 185 12 117 26 20 185 32 149 32 27 11 157 174 38 15 170 45 11 47 102 128
196 110 34 138 110 15 152 168 43 38 37 39 179 13 0 142 142 40 152 103 130 27 112 130 108 127 198 41 199 177 192 162 17 126 199 20 142 171 192 130 164 34 100 121 165 114 27 130 116 117 38 195 143 175 145 154 100 34 10 170 172 38 196 123 120 27 156 139 26 183 177 20 191 119 26 25 160 145 37 113 161 13 160 28 11 188 12 151 26 34 22 161 142 20 13 128 13 14 26 116 160
116 11 128 28 26 105 31 17 131 106 173 186 29 177 110 0 16 151 12 46 14 115 28 49 27 37 12 176 25 24 11 16 185 46 28 133 43 28 32 16 29 153 48 23 15 48 124 10 13 34 168 36 44 31 35 20 19 122 163 25 35 137 10 49 41 159 29 29 110 46 31 181 19 12 194 124 15 41 114 16 19 130 30 148 140 48 161 24 150 140 138 48 45 192 176 49 192 105 185 43 20
139 30 142 44 46 116 44 11 119 139 120 133 21 106 171 14 0 150 36 46 12 111 44 27 29 18 27 138 44 34 26 48 135 13 10 173 41 44 22 28 33 127 47 40 34 36 152 36 44 11 188 10 26 28 14 35 29 187 115 14 48 121 36 34 42 196 36 29 170 40 14 169 22 32 140 199 32 30 174 24 16 178 44 149 133 15 163 30 105 191 197 34 10 193 112 27 199 128 147 28 22
122 100 15 118 152 36 169 115 17 41 16 15 141 33 19 158 101 0 157 131 130 14 115 133 131 101 127 37 193 155 113 105 40 183 183 43 159 160 184 178 151 43 112 143 160 178 45 169 188 184 29 154 183 136 169 120 158 49 22 166 128 17 112 176 129 49 131 111 19 177 106 25 122 128 27 22 154 141 45 166 126 13 191 17 20 168 32 135 38 10 15 112 152 10 49 195 34 38 42 191 108
102 47 168 40 18 110 34 23 169 136 152 161 29 198 147 43 40 112 0 40 14 187 17 26 29 49 35 131 32 46 39 24 134 45 20 131 42 33 43 35 43 172 31 34 29 17 173 37 19 10 171 10 11 42 14 28 39 144 124 22 38 138 30 43 25 123 36 14 192 20 41 124 24 16 111 129 32 17 100 20 44 116 20 199 153 24 160 30 185 196 120 39 31 156 119 11 104 126 196 30 38
176 11 153 17 33 188 30 14 157 135 104 145 16 191 186 25 41 112 46 0 14 137 11 38 16 22 17 117 14 27 30 24 154 49 44 185 46 21 33 26 11 184 20 24 23 12 140 24 47 19 117 18 38 13 34 42 40 103 172 17 24 198 36 28 41 195 31 42 163 15 42 198 47 45 176 102 11 37 135 36 34 110 22 183 169 32 155 12 162 178 126 47 45 165 126 13 199 157 165 16 49
166 37 133 16 40 105 35 30 110 137 187 110 25 167 138 14 39 182 49 24 0 192 34 39 17 22 31 183 15 46 40 23 147 35 29 182 26 32 33 34 49 178 22 43 18 43 192 46 47 39 160 35 30 24 49 30 43 179 169 42 35 179 35 44 36 191 35 48 197 25 28 172 39 31 178 186 41 27 152 28 22 153 23 148 118 24 144 23 182 148 153 43 12 198 127 47 102 148 172 12 18
197 114 31 186 117 43 189 192 25 28 32 12 164 16 15 195 133 47 117 181 181 0 101 117 147 197 105 28 115 135 156 169 28 177 169 36 115 172 113 100 150 12 191 134 174 119 43 177 176 100 49 107 140 189 166 198 120 38 26 151 151 14 149 179 152 25 198 110 26 152 157 46 169 121 34 10 190 118 33 135 171 10 137 21 27 108 31 114 15 19 45 118 176 40 49 112 41 44 10 187 127
149 41 147 34 48 168 41 29 162 160 124 158 14 166 151 38 35 126 19 31 15 144 0 32 33 21 22 131 25 11 14 26 143 16 14 159 24 38 38 47 49 166 25 31 30 11 196 46 20 36 120 20 12 35 33 19 30 193 157 41 45 149 31 34 35 135 13 31 112 14 37 187 43 39 168 141 24 44 147 31 20 161 44 169 109 28 195 14 179 108 105 45 48 103 110 36 124 128 146 43 38
159 48 165 25 15 165 19 25 166 176 115 179 28 197 111 35 48 173 30 27 46 140 21 0 38 17 28 150 27 10 41 24 114 49 29 153 30 23 34 17 16 182 31 16 40 22 174 43 43 28 126 15 43 44 41 12 19 193 134 35 21 100 24 46 16 185 24 33 140 45 35 103 18 30 119 126 36 30 113 49 39 146 49 187 150 16 162 40 113 127 101 28 31 113 103 23 111 197 103 33 49
144 41 188 36 41 160 13 14 170 140 140 163 32 157 111 48 11 190 43 40 47 189 38 33 0 30 14 131 37 20 26 18 118 20 24 185 15 19 34 15 21 136 46 15 44 16 166 22 44 41 180 39 18 10 35 32 24 145 179 45 14 176 12 30 16 119 39 39 160 41 40 196 28 36 115 146 37 16 173 39 12 138 19 198 106 36 196 36 197 141 137 28 12 150 173 18 151 120 170 48 18
150 17 175 34 27 131 16 31 185 161 164 166 39 110 169 30 42 110 16 11 20 121 27 37 24 0 14 167 34 30 16 46 142 36 14 198 27 40 24 47 20 101 11 19 17 29 189 19 26 40 152 40 28 41 25 41 26 133 167 31 46 195 40 27 49 123 16 24 190 48 48 116 45 34 199 164 26 26 158 37 23 115 46 161 170 12 166 46 139 170 188 38 48 109 154 19 103 116 158 33 38
175 37 123 49 10 196 42 17 149 176 144 141 15 173 183 43 48 176 40 16 31 197 15 41 13 31 0 101 32 26 16 41 141 28 30 107 23 45 10 30 37 108 43 11 21 26 139 21 19 24 129 30 30 10 43 23 44 136 184 24 27 157 22 34 23 197 49 30 191 25 22 196 28 16 125 165 29 49 132 36 39 127 22 126 198 19 175 12 154 164 107 48 18 162 149 14 112 195 143 48 29
103 103 44 107 139 35 169 145 24 20 26 36 193 45 39 118 163 30 121 143 119 40 167 159 123 178 149 0 178 196 164 118 35 181 182 19 130 103 175 153 125 48 145 103 104 199 29 166 103 106 21 109 168 107 176 174 168 40 44 166 157 44 159 157 193 41 157 178 48 108 158 22 197 172 25 44 184 167 27 145 122 39 178 18 44 107 22 133 32 42 35 171 102 40 35 151 48 23 31 138 151
106 23 140 38 37 130 36 21 102 136 164 148 36 178 174 22 29 155 26 28 16 192 12 31 16 16 31 106 0 42 18 39 178 17 33 191 44 37 17 23 46 158 49 49 27 33 174 23 24 39 138 16 32 49 33 23 25 110 163 28 49 127 36 25 49 145 24 30 179 40 35 133 48 11 188 115 20 36 136 17 37 116 23 130 131 11 179 21 149 118 165 45 45 175 122 15 123 180 107 40 47
103 37 159 23 23 185 11 34 197 165 102 143 29 168 115 35 11 142 22 14 32 186 38 49 24 45 24 148 49 0 34 16 170 43 11 133 49 27 33 23 29 199 36 24 21 19 131 20 39 41 150 35 42 45 38 16 36 197 116 25 30 141 49 49 41 149 26 19 132 27 20 177 44 31 105 123 10 19 180 20 42 102 14 190 188 38 191 29 173 122 147 15 36 134 109 42 141 170 103 14 48
121 18 198 40 29 195 27 23 137 106 125 186 40 164 115 40 25 169 44 20 29 143 47 13 39 39 44 174 39 44 0 49 177 36 23 135 38 34 32 12 25 123 37 18 29 21 137 43 21 19 180 29 47 31 27 40 39 125 186 27 35 146 37 40 45 119 13 43 194 30 10 180 21 31 126 138 40 21 122 12 23 123 18 188 128 32 122 10 163 152 174 25 27 180 175 49 140 105 140 45 42
146 34 154 12 14 137 43 24 107 164 135 161 46 179 103 38 28 103 14 30 41 197 15 15 16 17 45 113 18 40 18 0 143 17 14 178 19 11 35 24 34 150 17 41 15 11 183 28 28 23 191 39 14 41 19 27 37 145 133 12 12 145 36 20 20 153 45 33 130 23 43 128 17 26 151 187 41 19 130 31 18 121 20 156 162 15 185 32 108 172 146 23 46 161 154 18 131 121 178 10 42
181 171 20 178 171 14 134 189 14 29 14 49 172 41 44 190 119 18 157 133 126 24 119 139 143 185 148 12 141 147 188 133 0 106 165 41 114 195 146 178 122 11 134 183 125 190 47 162 121 178 47 185 181 131 100 162 150 16 20 117 197 20 196 113 130 40 117 173 14 124 159 10 139 101 38 20 199 192 46 109 183 25 165 26 46 142 33 181 40 41 22 151 153 46 22 193 16 35 46 196 137
128 40 106 14 13 126 12 15 104 114 145 143 24 183 122 11 44 136 40 27 11 107 38 33 24 29 21 171 39 25 48 34 163 0 19 148 29 14 23 19 18 110 31 32 11 27 162 40 45 18 188 14 24 20 18 12 14 116 182 43 32 165 47 15 40 162 28 40 179 30 11 112 15 16 135 193 25 31 176 40 25 194 28 127 194 38 154 23 107 153 167 12 36 181 122 17 154 113 158 16 45
149 45 105 11 10 167 48 43 138 168 161 112 39 127 155 35 31 196 16 41 30 193 33 47 46 18 18 197 44 21 10 18 104 45 0 179 25 34 31 27 42 131 24 18 38 16 196 32 27 46 123 28 49 22 48 26 19 161 128 17 38 112 12 38 31 133 17 46 145 24 16 121 30 40 130 113 47 36 119 39 16 150 21 111 129 27 111 15 139 189 119 14 25 192 109 48 172 182 100 46 34
129 102 31 107 195 40 159 133 15 26 34 39 172 44 27 152 186 47 117 170 156 15 132 163 126 130 155 12 131 166 176 107 24 199 181 0 183 184 171 129 171 13 182 140 144 164 47 165 127 181 44 154 128 178 115 106 167 21 47 107 105 32 181 122 162 10 199 180 21 103 165 11 111 137 19 39 183 146 41 116 112 47 175 39 13 169 36 122 46 24 20 108 185 13 40 174 14 11 15 132 146
184 49 142 25 13 191 22 39 119 114 148 125 47 192 174 34 29 191 43 30 35 148 32 40 13 21 11 134 29 23 24 21 175 33 10 137 0 42 10 41 49 196 39 43 25 32 110 19 14 22 195 49 27 22 47 13 23 103 133 43 33 145 43 45 45 128 29 45 134 46 28 124 47 14 132 131 31 23 185 40 23 163 30 120 136 29 178 14 124 109 134 28 43 199 191 10 135 115 154 40 39
136 34 143 43 34 110 15 45 169 167 183 118 39 181 121 47 10 110 45 13 29 124 10 38 34 35 21 119 49 36 14 35 133 17 30 117 42 0 10 33 14 123 11 12 42 13 173 24 26 37 150 30 49 26 47 16 25 186 145 37 12 181 25 34 28 184 47 21 173 33 26 199 14 47 151 115 39 24 142 12 16 152 26 172 159 15 143 16 169 174 100 30 23 110 125 18 112 165 102 18 43
141 43 173 48 22 165 32 44 103 178 197 104 38 137 142 28 45 185 22 22 46 119 12 49 39 16 19 156 42 35 13 49 163 44 28 178 26 32 0 11 32 159 48 45 49 34 111 26 49 22 192 21 40 12 22 48 47 124 197 22 31 142 38 34 15 127 12 14 144 44 31 151 31 17 192 142 18 45 186 17 35 196 29 151 126 39 150 37 143 188 121 35 38 178 185 46 110 164 138 34 42
145 35 155 19 47 174 21 32 195 119 104 191 38 129 144 37 41 147 16 24 27 155 47 49 16 25 48 184 31 29 38 23 135 31 42 152 31 19 16 0 31 171 35 38 13 47 177 43 10 49 120 23 44 27 25 49 13 165 136 24 21 109 18 49 17 114 32 25 118 23 34 148 47 23 150 195 13 21 194 38 36 103 14 137 134 10 130 21 157 155 166 41 23 105 165 36 174 103 160 30 11
190 20 177 38 40 174 44 24 177 101 174 142 11 140 136 47 26 137 14 40 10 111 23 18 22 11 34 129 14 37 37 10 125 13 12 100 11 37 25 32 0 130 12 14 49 22 189 45 34 48 190 16 48 20 37 21 10 164 178 24 18 104 35 18 12 127 43 37 128 42 24 141 36 43 149 199 32 12 115 17 25 183 39 138 183 36 189 46 182 177 135 48 38 175 156 48 195 116 121 10 28
105 182 16 145 171 21 151 121 29 10 21 14 156 33 42 145 131 46 132 130 174 21 150 195 160 109 190 40 170 136 152 113 26 183 187 38 130 191 155 109 115 0 136 199 192 120 30 137 127 141 47 173 194 133 158 112 143 49 24 152 130 16 128 171 136 29 187 180 34 169 170 16 116 130 10 43 103 180 31 194 171 29 110 34 11 165 18 116 30 47 45 163 167 10 27 141 23 41 34 100 144
124 16 198 21 36 162 34 32 124 103 101 138 12 115 194 11 41 174 42 17 48 186 19 30 37 16 20 109 40 41 29 49 112 33 17 121 18 45 16 49 35 123 0 15 16 10 165 47 47 19 141 33 12 23 41 14 24 108 191 43 27 131 12 18 10 132 18 25 111 17 10 165 34 29 190 178 38 18 135 44 37 193 31 144 159 36 116 36 110 127 193 43 24 151 157 34 179 115 117 44 47
189 12 170 19 44 121 30 30 198 121 149 124 44 117 139 37 23 132 12 47 38 168 15 43 47 12 45 179 44 32 45 14 193 15 41 101 13 25 22 48 39 191 37 0 37 47 160 33 42 45 170 45 48 21 12 16 28 149 170 35 39 186 46 23 10 184 45 22 135 15 35 177 11 27 158 112 17 31 188 38 39 149 44 168 101 43 186 12 149 148 128 10 39 120 152 43 111 170 185 27 48
156 15 161 11 44 148 28 31 190 140 195 196 24 182 155 29 47 140 10 11 31 132 27 49 37 24 29 161 46 22 25 14 178 47 36 138 45 49 39 44 21 194 22 47 0 48 143 24 25 18 127 39 33 17 27 47 23 192 127 13 12 188 20 22 43 123 29 15 104 30 43 191 29 31 149 116 49 16 173 12 26 127 31 119 143 39 140 32 167 154 172 35 48 126 129 44 173 162 159 27 48
158 23 133 36 21 167 22 19 147 107 150 176 48 104 131 30 28 199 24 23 22 166 18 44 36 21 23 121 33 14 35 13 140 38 11 139 44 35 22 47 44 124 18 11 12 0 132 27 29 30 188 36 30 11 36 34 20 173 131 27 32 164 36 40 47 110 32 17 190 27 33 115 49 46 138 108 35 42 143 45 19 171 15 126 111 14 139 23 128 109 185 33 24 123 135 16 103 141 101 46 17
146 138 19 127 117 18 173 152 36 45 10 41 100 21 16 119 117 26 158 100 163 12 160 180 102 160 127 41 183 196 193 167 22 152 103 34 162 144 111 186 186 24 136 131 193 140 0 162 187 161 27 109 183 151 148 191 156 42 42 174 141 18 124 111 176 13 130 111 28 147 174 15 141 137 49 18 109 152 27 174 122 14 121 13 11 161 49 101 20 15 14 111 158 11 45 186 28 47 49 121 110
187 46 118 12 36 155 39 49 151 189 166 157 26 193 162 22 24 191 17 30 25 103 38 28 48 46 12 168 26 36 17 14 140 19 20 164 42 34 13 39 17 177 47 22 14 49 136 0 16 33 170 44 36 43 42 29 43 192 165 25 31 163 45 41 14 134 47 32 152 13 11 196 28 21 179 145 30 27 171 20 32 139 40 116 126 32 111 35 150 103 157 44 10 161 155 39 197 194 127 15 38
113 35 198 32 46 119 32 14 125 149 133 198 47 148 123 41 34 176 24 27 28 125 25 48 40 10 15 102 37 32 40 21 147 16 28 130 14 38 34 37 28 142 18 43 41 25 134 13 0 34 109 38 39 43 18 10 24 149 176 36 37 187 47 35 49 172 16 30 179 34 37 147 36 32 175 184 49 12 180 45 10 154 15 140 151 40 170 31 131 176 106 42 39 154 174 46 172 178 113 40 37
170 12 104 27 45 100 42 33 179 135 107 178 18 131 166 32 26 199 15 36 11 125 35 25 21 42 19 182 38 21 13 11 188 27 36 133 36 13 40 29 34 158 32 32 11 38 161 17 12 0 154 19 29 17 43 29 34 120 115 34 36 165 44 30 27 197 34 40 160 34 47 135 36 34 105 130 15 37 198 20 30 104 21 121 107 36 134 21 194 185 164 25 19 131 129 12 103 133 168 17 19
108 157 29 159 142 22 135 156 33 19 13 17 187 32 34 145 129 32 124 148 192 27 116 192 164 144 180 28 163 147 101 110 40 193 148 37 191 113 199 156 186 10 165 180 121 107 20 132 184 157 0 170 167 129 118 117 126 45 20 123 140 44 120 117 142 32 135 185 28 132 177 42 130 171 15 32 161 138 42 131 128 46 151 15 48 108 28 149 15 38 48 169 160 10 47 155 37 14 45 182 121
128 27 120 35 39 140 43 15 111 195 157 149 37 129 116 15 38 135 40 37 21 161 31 28 32 17 27 165 38 23 44 10 139 18 45 154 25 23 10 24 18 165 14 27 49 37 191 26 32 45 199 0 11 44 15 30 31 195 120 43 11 176 30 24 19 139 36 39 138 20 25 143 38 27 165 142 35 20 189 29 25 154 46 174 174 49 196 28 157 152 168 33 15 177 179 21 145 133 153 41 31
105 30 182 10 19 143 28 48 106 126 141 148 23 137 172 27 37 165 13 35 12 103 44 49 46 30 13 115 24 28 27 32 160 37 12 117 16 14 15 35 15 144 41 31 30 16 157 49 45 49 170 36 0 29 39 11 20 101 151 18 40 184 32 10 42 147 34 39 119 40 23 139 14 48 169 125 21 13 113 27 29 190 12 126 145 41 116 19 125 100 144 17 35 101 127 32 198 159 138 14 37
106 42 117 20 21 103 17 31 193 110 100 100 36 183 132 13 22 119 49 22 48 125 45 39 49 16 16 142 16 28 25 13 114 11 11 103 12 48 16 10 25 110 35 36 30 17 147 13 20 22 138 25 35 0 27 10 40 162 183 38 42 183 24 30 16 167 28 29 115 33 17 112 35 24 131 101 44 30 153 48 15 122 48 113 188 21 105 36 127 146 111 23 42 149 135 33 186 132 103 36 46
190 11 165 20 24 143 27 23 100 128 118 142 20 149 188 40 29 129 49 40 46 174 33 32 13 49 35 117 47 20 21 15 177 31 46 197 47 11 38 14 39 138 42 15 27 34 172 21 49 27 102 43 48 34 0 27 42 188 191 13 20 164 25 41 12 183 35 22 142 20 23 144 42 31 155 153 47 13 148 45 48 126 10 181 151 30 192 22 199 190 148 43 20 141 196 41 139 107 147 48 48
147 11 157 30 28 176 34 22 140 120 130 135 36 136 133 49 48 182 18 22 16 171 23 22 30 49 31 109 36 39 13 12 170 22 26 190 49 43 36 47 31 165 32 24 41 39 197 24 11 34 124 41 33 21 17 0 20 199 112 13 37 153 40 17 16 197 10 21 166 20 10 177 45 18 175 179 16 22 165 34 19 174 16 176 160 43 160 13 193 197 199 17 23 113 171 25 110 130 165 37 25
191 19 174 38 23 185 42 25 156 179 121 115 40 119 143 24 42 181 32 27 12 106 19 29 41 44 17 100 15 40 43 32 139 47 17 143 47 16 12 44 37 164 37 22 17 27 176 11 21 29 160 26 14 14 47 48 0 100 186 13 25 128 21 44 48 159 21 17 192 19 24 174 14 49 116 122 46 48 197 47 31 133 18 105 115 41 182 38 134 163 104 29 39 160 120 11 124 188 163 18 30
170 132 14 142 174 37 143 198 15 26 21 12 186 49 23 133 197 25 164 126 149 10 153 140 185 156 183 23 158 113 191 100 16 140 182 19 112 130 168 170 119 34 175 154 152 130 26 184 115 199 49 190 198 107 159 147 120 0 38 143 170 48 159 141 125 31 155 179 39 158 173 26 199 139 18 30 186 137 46 126 152 13 192 25 18 140 24 160 29 32 14 145 176 32 49 133 32 47 14 120 114
197 107 41 179 127 46 185 125 11 34 21 14 130 18 46 156 187 19 127 179 193 21 179 197 192 131 159 10 169 189 175 110 41 140 182 37 168 186 101 162 156 10 148 101 100 155 48 101 165 192 46 106 131 101 148 165 100 32 0 110 188 28 195 134 156 45 199 136 46 189 189 36 171 112 12 44 186 178 12 142 187 21 182 43 15 167 44 188 25 37 20 168 135 13 47 192 43 41 15 197 194
111 45 160 24 49 171 15 43 159 173 163 135 13 188 148 37 30 131 35 20 23 116 37 10 40 40 34 157 11 22 10 48 134 13 45 196 17 45 34 42 21 101 31 17 38 46 148 49 35 20 132 44 37 40 28 32 33 142 178 0 23 105 29 31 45 121 37 32 136 22 33 139 45 37 169 103 10 46 142 21 45 134 14 104 140 39 101 31 126 151 102 48 23 169 187 28 153 134 102 32 18
113 17 124 41 43 134 38 26 163 135 123 176 32 143 115 37 24 136 41 13 14 133 41 16 21 49 17 114 40 34 34 18 133 27 17 171 14 37 19 14 40 175 41 14 45 20 195 29 41 31 165 26 23 10 20 49 48 198 123 12 0 178 23 19 30 141 28 35 104 12 24 112 41 26 161 133 29 46 176 20 45 176 15 164 182 20 110 43 170 189 170 45 19 166 175 32 179 169 109 34 34
119 107 48 175 140 49 103 118 14 17 19 30 156 33 33 114 145 32 112 159 187 31 149 197 121 155 144 21 125 170 187 162 27 169 141 17 109 174 164 135 168 16 140 191 131 195 25 164 138 188 11 133 134 155 171 130 191 15 23 185 144 0 198 178 152 44 154 163 48 195 175 48 151 192 48 40 105 177 45 163 187 31 113 29 14 197 49 184 32 31 14 152 131 16 34 151 22 13 25 192 178
154 24 128 29 19 150 25 38 143 187 181 193 35 197 170 41 40 155 41 26 20 156 16 44 17 23 17 130 37 42 36 34 118 24 34 141 16 29 24 36 30 118 16 22 33 14 148 27 36 24 156 44 45 38 48 24 46 140 115 25 46 118 0 22 19 148 21 18 194 14 40 150 43 19 144 138 33 46 189 49 29 119 21 182 148 17 147 13 168 125 182 21 16 111 123 26 115 122 112 26 11
189 10 121 21 13 170 13 26 157 136 149 178 47 124 196 24 48 193 42 11 31 191 16 25 18 37 28 103 17 35 36 19 166 38 24 183 39 25 21 17 33 102 32 33 15 29 157 21 23 20 176 21 11 15 40 21 43 124 116 18 29 186 35 0 34 104 34 43 148 23 10 148 34 28 112 138 44 33 177 18 22 170 32 175 139 19 150 34 124 193 169 32 34 148 173 29 148 156 110 16 45
148 43 113 14 19 172 42 17 136 187 136 126 18 144 108 25 46 178 27 13 22 134 25 44 15 20 26 136 11 43 13 22 185 20 48 162 41 39 12 44 21 170 38 28 45 27 150 11 44 17 139 21 14 42 25 40 26 132 150 28 37 112 34 43 0 176 41 17 168 33 20 109 42 29 173 122 40 27 125 41 15 152 39 124 197 42 104 30 175 143 101 33 20 167 169 10 170 120 119 48 17
147 166 28 134 110 44 180 180 12 10 40 14 149 44 11 106 168 22 131 191 103 40 172 187 135 124 190 18 189 161 169 179 13 144 161 48 150 119 145 167 184 21 182 110 194 144 37 164 140 165 21 106 190 133 158 121 151 29 15 131 149 41 152 104 103 0 159 112 15 105 170 14 100 179 36 10 149 179 31 144 193 31 120 43 48 193 45 116 11 43 44 133 144 21 35 146 19 30 15 199 196
130 11 189 44 11 183 33 41 157 172 137 191 44 156 192 37 45 166 29 10 11 194 35 35 14 39 47 158 22 30 21 39 123 40 14 198 25 26 47 27 26 157 15 33 30 44 177 15 29 47 185 15 41 41 31 29 45 110 197 31 13 197 31 18 29 147 0 17 141 26 39 190 32 10 127 199 30 40 107 16 30 103 40 144 187 44 139 35 135 176 189 44 46 102 164 31 190 146 100 37 18
187 45 187 21 18 132 15 26 198 156 167 132 33 163 120 10 37 101 41 13 13 183 24 29 32 26 31 177 44 35 41 24 152 10 31 115 43 42 30 43 34 194 13 39 39 17 106 49 33 47 149 49 14 10 15 26 11 138 188 20 47 105 24 18 38 198 20 0 187 19 46 106 40 16 116 187 43 22 105 28 34 189 26 125 147 47 155 14 112 106 153 27 41 189 199 45 165 140 154 15 33
142 167 45 127 159 23 179 154 39 46 43 25 136 13 17 117 106 22 173 154 130 39 188 188 111 190 154 46 179 113 167 165 46 190 179 37 193 124 158 194 136 42 114 164 196 120 14 168 148 114 25 112 182 131 156 129 138 38 17 153 197 30 147 121 196 16 174 182 0 140 129 33 145 172 31 10 143 118 31 133 106 39 100 13 11 146 13 149 48 35 16 144 140 21 27 167 47 12 30 175 141
192 49 134 26 14 164 31 33 193 173 117 118 16 125 105 12 15 184 14 47 11 134 39 28 45 27 26 186 41 15 40 49 103 27 20 161 16 41 49 35 28 139 38 30 48 13 138 13 15 39 199 42 21 47 22 38 48 151 191 16 33 115 37 27 26 133 29 46 182 0 19 112 40 33 175 155 29 47 165 45 33 191 35 156 103 43 159 14 183 135 108 28 33 124 175 41 181 160 154 11 14
177 39 164 15 12 133 15 16 182 194 149 123 24 129 130 26 33 158 49 11 14 136 12 12 46 26 39 103 24 37 44 23 142 35 31 175 48 47 22 27 47 125 41 48 27 19 189 44 18 28 183 12 42 21 23 16 27 158 175 29 49 108 11 30 45 196 36 45 150 37 0 120 39 39 105 165 37 21 133 35 13 123 26 171 184 15 161 45 125 116 132 21 16 139 191 14 157 140 102 33 38
162 178 47 133 130 10 190 199 11 38 18 18 199 49 32 184 173 10 136 176 158 36 140 187 149 111 151 42 104 141 175 110 35 136 175 38 101 106 132 143 194 30 177 196 167 122 21 197 176 150 21 110 159 111 192 112 100 24 22 105 157 20 160 113 118 44 157 145 41 190 166 0 138 103 17 21 188 166 34 130 136 39 133 27 25 108 35 199 43 18 27 111 189 19 35 148 37 33 45 186 187
102 25 170 42 19 157 20 29 106 106 152 114 11 182 104 44 20 103 19 36 16 173 35 11 42 20 36 157 11 43 39 46 198 13 19 123 39 14 17 17 24 112 40 23 12 37 184 49 19 31 112 16 34 19 34 40 26 191 134 34 19 135 38 35 42 154 44 49 164 44 11 190 0 43 128 117 25 24 161 11 11 124 43 136 148 20 112 27 156 186 101 38 23 197 171 14 192 116 184 11 10
136 41 144 27 26 196 15 27 134 130 184 173 39 119 112 21 17 115 10 17 11 128 38 44 28 24 32 152 14 30 21 21 152 12 48 103 32 16 13 15 25 108 34 16 33 12 151 14 22 45 121 24 33 29 18 24 27 157 184 25 25 130 10 41 28 165 31 29 113 19 22 117 30 0 104 106 11 49 111 29 13 198 11 103 154 19 187 42 158 137 159 48 31 181 124 33 122 190 154 39 48
168 118 37 196 153 15 133 116 39 37 37 38 180 30 31 197 124 15 110 146 142 22 184 147 151 114 174 41 151 144 135 160 47 197 174 14 159 146 192 137 136 33 181 153 181 115 21 169 106 191 43 159 120 193 110 179 140 31 28 153 167 36 153 126 192 32 124 147 43 127 170 49 119 106 0 40 192 131 32 130 185 21 164 39 31 128 15 178 37 26 31 174 152 17 44 199 38 30 16 103 124
142 111 38 155 114 45 127 188 36 37 18 39 150 27 48 193 124 27 188 179 194 12 164 134 175 154 198 19 167 125 170 198 48 146 123 11 100 190 196 152 114 35 135 178 168 104 29 170 131 138 15 196 178 112 110 128 122 31 15 197 167 23 114 170 103 19 108 196 25 151 155 32 194 198 39 0 158 118 21 121 120 17 138 13 27 181 31 149 45 33 47 164 131 30 33 115 30 30 45 181 185
120 32 124 30 37 189 29 14 142 137 103 194 45 145 104 44 47 103 46 48 23 154 14 14 30 33 41 145 48 14 12 21 166 22 30 100 44 31 45 10 20 139 12 25 28 47 135 13 11 44 118 16 19 45 46 17 44 167 160 27 31 183 46 31 35 133 15 33 118 17 47 147 32 12 136 131 0 24 115 29 42 101 17 177 158 26 182 40 105 137 178 42 11 130 115 12 165 164 179 41 49
145 12 155 20 19 142 47 47 137 108 185 127 35 172 155 49 19 109 25 10 23 179 45 21 22 45 39 178 35 38 18 14 120 19 43 152 47 26 34 10 39 158 14 26 13 35 124 31 34 49 119 19 25 34 29 45 11 180 161 37 27 152 45 12 16 173 38 23 179 17 18 142 11 18 189 185 11 0 119 48 24 117 48 180 175 22 119 17 174 158 150 24 36 185 185 23 113 199 129 45 48
108 117 26 125 192 43 160 142 48 26 18 17 161 30 41 119 174 24 113 128 168 30 157 109 116 185 135 28 187 126 100 133 47 114 113 16 165 177 184 171 195 27 168 187 118 179 37 179 135 118 30 116 158 167 162 112 123 37 32 175 120 12 150 132 182 23 186 152 32 117 129 33 179 144 49 41 104 137 0 100 116 41 160 38 42 194 45 180 27 33 36 146 135 46 22 162 28 34 25 199 117
188 15 160 12 27 152 25 24 112 150 175 130 44 119 115 23 46 146 25 38 15 157 49 33 40 40 35 100 14 28 11 37 121 45 49 164 32 48 48 38 44 157 33 27 15 28 184 12 13 14 154 30 49 10 46 15 32 188 103 12 20 197 40 19 10 127 40 29 143 46 39 155 47 37 110 113 28 35 168 0 36 104 26 141 107 19 197 33 190 120 197 37 46 154 190 20 157 143 132 35 30
164 11 139 38 20 112 14 44 125 154 123 185 31 178 108 35 10 173 35 48 38 158 49 29 32 30 16 180 37 28 29 10 114 35 21 174 47 27 19 27 47 187 42 38 18 44 124 43 47 29 166 18 49 27 24 21 31 124 116 11 13 154 12 28 11 193 33 41 148 31 13 167 20 26 151 122 43 33 115 29 0 101 23 103 122 43 175 46 137 142 114 16 47 151 156 27 197 133 136 24 41
165 181 18 178 197 41 178 143 28 21 25 16 153 36 35 102 127 17 179 154 134 28 155 128 161 140 185 22 152 140 146 157 35 192 167 27 179 160 172 167 180 42 156 108 183 195 31 189 125 130 26 184 125 184 172 125 149 26 14 172 176 12 189 190 128 42 108 183 45 198 162 23 159 166 48 35 154 152 18 119 155 0 176 18 12 170 19 144 43 38 31 161 141 20 45 112 43 16 28 144 186
170 24 196 36 31 149 32 34 174 108 117 170 35 112 189 12 17 135 35 46 11 161 10 27 42 33 41 108 43 23 15 28 116 22 31 173 11 33 43 48 28 107 26 22 37 13 156 37 11 32 123 16 28 14 26 37 49 187 170 25 36 111 26 38 17 136 10 36 199 17 28 162 38 47 182 145 38 17 170 27 39 152 0 198 122 28 196 42 187 196 166 36 48 152 133 38 136 186 180 49 10
191 112 24 181 155 25 154 135 23 34 27 34 113 32 48 160 135 36 106 104 194 16 129 152 187 178 151 35 175 182 132 147 45 196 147 36 133 177 168 116 160 41 128 117 129 118 40 130 149 150 29 176 132 185 112 198 123 41 20 108 155 46 165 164 139 32 108 111 17 111 113 22 117 138 14 37 177 122 27 105 199 23 187 0 16 189 46 190 15 10 40 124 128 37 36 189 41 35 19 160 120
197 168 26 168 122 11 147 194 10 33 10 20 188 32 38 110 112 32 131 122 124 22 172 103 164 169 108 49 164 106 158 173 12 187 185 49 165 193 176 107 169 22 157 160 102 191 14 194 197 121 38 131 129 107 132 197 197 20 32 190 142 17 111 180 115 47 154 175 48 115 112 45 128 151 40 21 101 151 48 151 104 26 111 17 0 128 44 141 38 15 49 112 125 42 12 128 36 36 27 182 146
156 16 175 21 12 177 12 47 158 180 102 108 49 153 152 39 31 112 46 25 15 196 13 49 48 13 44 154 15 38 41 14 165 17 18 137 45 26 22 43 30 138 23 15 34 26 174 14 32 26 144 12 20 39 30 36 36 165 162 42 16 120 24 42 24 130 38 14 164 35 38 121 46 27 101 110 12 27 119 24 27 108 46 157 103 0 156 49 159 190 184 44 29 100 132 40 168 165 179 19 34
135 134 39 142 139 37 193 193 31 38 15 46 164 17 37 181 185 22 190 137 120 38 134 137 101 187 167 48 166 138 152 177 11 120 163 28 115 109 180 160 163 47 165 193 178 196 45 103 126 115 22 121 146 102 126 146 165 46 49 118 175 29 196 136 115 25 186 155 34 199 161 33 166 108 44 26 192 153 20 113 188 17 184 23 45 151 0 165 13 47 25 141 166 18 38 176 49 21 20 147 131
198 37 148 35 27 197 35 17 172 192 133 184 24 142 127 49 23 154 13 10 32 146 43 45 32 25 22 166 37 43 27 27 170 15 25 126 10 13 13 13 27 105 26 11 29 19 182 17 49 40 167 31 27 46 19 38 36 142 162 49 14 125 26 35 37 168 13 37 167 22 16 107 35 49 189 162 19 18 179 22 36 189 40 120 159 42 158 0 170 160 119 47 26 188 179 35 180 120 174 49 45
181 188 30 130 146 41 106 137 33 29 43 23 128 18 32 193 163 23 160 137 153 12 143 131 159 163 147 32 185 192 145 180 37 125 141 48 148 190 170 177 178 47 196 171 182 148 39 110 133 187 26 123 128 104 173 163 162 17 30 122 172 35 145 164 133 12 158 198 23 168 154 38 106 156 40 18 185 122 19 179 100 12 181 47 45 111 39 103 0 40 20 186 130 40 34 135 21 33 35 141 110
131 179 41 179 139 36 139 191 43 12 23 28 118 19 46 158 134 27 189 118 100 29 192 124 146 104 177 20 148 191 152 126 38 107 179 20 180 160 171 175 199 46 100 196 166 114 28 145 131 160 21 131 146 183 155 135 190 11 15 100 198 41 127 164 177 21 184 120 48 151 169 14 158 133 19 28 123 140 40 189 183 46 197 45 39 196 23 196 32 0 13 131 176 19 12 161 29 28 22 119 135
147 125 24 179 163 13 161 119 32 26 36 41 149 49 30 124 105 45 167 102 151 19 165 112 154 157 151 32 182 188 132 117 48 199 187 25 112 189 184 168 157 11 152 156 161 197 33 124 102 102 19 130 104 191 153 199 193 48 13 143 142 34 136 183 185 29 109 146 17 188 147 13 118 173 48 37 185 172 28 183 164 44 169 27 45 119 16 152 29 13 0 186 150 31 33 128 13 48 35 169 139
111 49 118 39 21 193 19 20 172 148 143 109 37 178 187 38 44 102 30 32 36 164 12 43 37 45 17 153 46 49 39 23 176 37 20 155 19 29 35 48 46 195 39 45 26 32 185 39 23 16 105 30 28 17 47 49 26 125 176 49 37 128 28 43 44 159 26 45 143 28 45 121 48 19 127 151 14 42 164 32 37 130 39 124 199 49 106 20 120 113 102 0 44 138 159 45 181 118 161 41 10
186 11 150 33 29 103 42 49 103 178 153 168 10 177 172 23 48 181 28 23 26 194 36 45 48 20 10 181 31 25 15 21 173 45 21 178 19 20 34 34 49 191 39 48 10 40 118 44 27 31 136 44 15 20 44 45 43 120 131 21 47 114 49 20 41 115 13 18 188 19 29 177 19 11 139 126 44 15 159 39 27 189 42 169 177 33 140 23 107 117 100 41 0 121 127 41 177 107 124 23 41
172 114 40 197 148 34 139 124 47 27 21 37 183 35 44 197 106 49 168 103 173 47 192 194 198 116 132 47 190 127 154 123 42 135 159 24 195 126 125 198 175 22 114 170 170 151 25 151 189 167 46 112 118 123 136 157 180 10 30 192 108 26 184 168 129 37 102 129 44 178 174 15 197 149 19 48 166 109 37 161 169 17 157 37 49 125 42 128 28 37 47 157 120 0 19 104 19 15 13 162 101
163 103 43 196 121 18 115 194 15 14 20 24 152 17 14 130 165 39 129 171 180 38 100 164 163 107 101 16 117 176 155 181 20 102 193 21 135 165 145 159 190 25 171 129 145 128 36 142 145 156 25 158 166 144 183 168 199 41 38 170 152 12 137 138 198 49 145 110 44 167 137 31 174 149 19 27 174 100 46 152 163 10 108 15 48 129 43 181 19 32 18 114 191 17 0 163 21 43 11 100 153
150 45 130 28 15 156 22 12 119 184 191 110 25 176 154 32 16 169 11 23 18 115 21 31 14 23 21 109 12 38 10 10 122 26 31 186 31 32 45 24 35 197 46 10 29 11 138 10 17 27 184 47 45 31 36 24 42 157 171 26 27 196 17 25 45 185 16 39 122 41 28 152 20 44 176 171 24 31 110 28 15 148 49 185 125 30 137 38 112 135 104 34 38 149 189 0 100 188 105 13 27
156 172 44 197 187 43 174 118 31 40 48 37 121 44 43 147 160 34 174 174 107 18 187 196 102 141 164 30 141 133 160 127 12 154 180 35 194 187 159 136 189 37 173 133 136 176 33 195 190 112 33 182 155 113 178 125 100 29 40 198 178 16 103 132 129 15 194 125 13 177 177 38 183 186 33 24 142 188 41 146 194 31 142 33 19 164 21 155 36 40 15 148 169 30 13 179 0 17 27 162 180
183 182 40 136 110 28 103 153 29 27 30 16 196 45 15 161 109 40 190 130 154 26 132 158 130 173 123 18 182 135 110 108 21 112 121 39 175 108 175 168 172 37 173 184 141 182 10 164 116 126 39 144 128 185 181 156 123 23 28 129 160 32 115 111 151 30 103 158 12 171 162 10 108 192 25 32 109 174 37 119 116 36 126 49 10 198 42 124 46 12 42 182 160 11 28 114 15 0 28 188 162
158 130 35 103 188 20 199 103 14 49 24 31 106 18 23 155 148 31 139 181 162 21 181 127 138 168 176 17 117 130 117 139 22 193 190 40 162 181 149 174 186 49 177 114 169 190 18 181 174 150 34 167 109 142 113 114 188 13 40 132 150 18 154 108 133 20 187 185 35 182 119 13 115 117 31 38 187 174 18 167 132 21 176 12 43 165 25 137 32 39 20 171 152 31 45 162 14 43 0 195 111
173 49 157 36 45 141 46 47 128 136 195 147 34 125 172 14 21 195 10 19 40 112 39 12 24 17 19 109 48 49 37 47 163 48 18 114 22 17 23 29 16 196 44 34 16 49 181 45 24 19 136 44 37 12 13 46 40 122 134 26 12 149 15 38 14 109 45 45 184 29 41 165 20 24 106 186 42 21 161 20 10 172 17 164 187 23 168 16 145 169 109 41 38 129 191 37 175 132 158 0 14
110 24 123 12 24 106 18 44 172 186 128 133 25 139 140 11 36 185 47 35 34 105 16 25 46 20 39 147 16 32 28 26 161 39 41 166 48 17 29 13 20 184 48 11 11 42 122 34 36 36 173 22 18 36 29 27 49 127 197 19 22 198 10 15 21 138 34 11 176 48 19 163 11 28 119 123 28 13 132 41 36 138 42 136 157 19 157 38 105 153 112 23 17 169 141 16 177 170 179 30 0
