50
1186 4103 23
1828 5716 19
224 4647 29
19 4236 22
151 2363 19
2324 4462 16
1616 5137 8
305 4914 20
1689 2691 27
4320 5512 15
2948 4590 18
781 5546 19
2129 4321 9
769 5362 29
1649 4041 15
59 4249 11
1331 4836 23
654 5714 15
100 2203 8
76 3594 9
4518 5337 11
375 5605 12
180 4466 14
233 3468 7
928 3680 13
923 2312 14
2948 4377 12
2812 4426 9
627 1515 24
1348 4366 19
957 5225 12
98 4990 24
79 3677 20
1047 4864 10
3267 5497 11
2522 5259 14
2490 5449 8
519 2819 26
3966 5218 26
2596 4038 25
2726 5589 19
721 4868 19
1239 5241 11
2261 4774 11
716 3999 14
383 4966 16
925 2630 15
1508 5480 15
146 4205 19
1486 4941 23
0 55 51 80 39 58 64 19 93 82 65 34 60 17 37 85 68 27 53 52 35 89 15 85 99 58 52 24 57 90 56 98 11 35 91 59 50 56 25 40 89 80 66 73 52 24 55 88 84 62 15
80 0 99 50 63 11 34 70 16 35 81 92 42 37 49 21 65 65 45 71 48 60 25 52 19 58 44 44 15 12 33 87 75 60 48 12 85 73 95 81 55 83 15 17 64 31 81 66 67 27 14
23 28 0 28 20 63 53 14 60 18 49 21 28 99 46 52 39 28 13 90 87 87 27 56 88 44 14 35 82 62 54 93 92 92 71 12 63 12 28 90 56 67 51 12 20 99 64 61 21 88 55
97 84 20 0 21 23 70 92 48 23 66 70 60 70 69 92 65 70 69 27 12 55 17 98 58 90 38 57 77 63 86 92 73 76 22 27 26 91 70 64 22 46 14 70 48 89 47 26 50 98 80
79 95 84 87 0 28 93 26 98 69 15 35 94 42 93 59 82 56 17 64 23 60 25 14 32 85 88 37 37 57 22 83 23 32 67 56 25 21 88 45 74 48 11 58 26 41 43 90 58 39 14
85 42 72 55 52 0 17 19 29 15 97 50 14 11 43 35 66 33 51 56 15 92 73 90 38 97 39 47 17 19 26 84 77 13 20 53 72 85 44 51 12 19 63 69 70 84 35 63 88 98 96
82 29 30 58 21 46 0 98 82 68 81 76 22 88 68 11 22 78 33 84 54 65 26 65 98 88 91 43 57 79 16 43 64 99 26 94 46 91 54 88 92 53 68 64 81 95 83 10 64 73 64
34 23 56 14 71 84 62 0 77 86 97 50 29 79 67 48 50 10 22 88 32 90 60 40 45 92 30 60 41 29 51 14 22 36 20 86 74 80 87 35 36 87 58 24 85 11 27 53 10 23 95
82 80 67 46 75 20 77 83 0 40 15 92 56 56 46 69 98 94 65 22 99 59 91 95 82 50 45 89 11 48 41 15 24 41 37 96 75 60 69 21 21 45 26 40 21 79 33 60 48 16 49
94 81 19 46 96 21 53 36 38 0 66 60 38 79 60 92 76 67 56 51 14 79 51 27 50 75 88 33 63 25 98 26 44 69 69 33 61 82 15 61 74 60 27 28 63 32 65 34 36 66 63
76 97 97 42 20 64 29 53 41 86 0 75 24 62 91 42 99 21 46 73 51 99 87 60 44 33 35 15 70 28 93 10 83 69 16 91 60 64 26 23 90 48 92 57 31 13 69 83 52 15 46
26 38 77 28 88 57 10 90 26 16 95 0 72 28 11 18 67 98 93 89 31 19 10 44 92 91 13 94 55 13 32 26 45 61 81 29 37 97 60 51 44 40 37 62 44 82 48 52 57 91 53
53 20 97 87 38 80 84 87 59 53 66 62 0 15 27 28 15 60 97 56 24 87 44 86 13 54 21 89 18 18 60 36 40 49 26 65 73 41 23 54 52 42 99 21 69 76 20 77 34 12 20
43 44 93 10 86 86 39 11 23 98 49 49 56 0 15 14 78 11 10 68 69 26 57 89 97 92 76 15 58 87 84 12 68 22 10 58 59 19 64 93 64 82 58 91 71 52 71 49 73 27 70
71 44 16 48 45 85 84 38 46 11 73 16 81 49 0 74 75 95 81 81 88 70 39 33 39 23 89 56 62 68 17 60 40 10 33 94 56 98 29 40 44 39 96 48 16 56 78 23 94 78 60
73 75 70 73 88 76 51 76 54 24 31 36 49 73 19 0 34 97 93 45 71 21 53 79 16 17 51 50 64 93 53 25 25 43 29 69 89 39 57 74 99 60 66 62 38 91 91 36 20 38 89
53 82 89 41 61 12 14 24 44 44 32 85 70 93 22 47 0 54 14 11 10 75 42 13 16 31 73 17 93 13 36 99 99 19 58 86 16 40 38 79 99 95 60 64 21 14 65 40 73 65 69
41 15 71 72 32 73 97 68 26 52 37 95 97 73 56 85 79 0 95 42 31 56 18 79 24 23 88 90 23 83 75 74 46 51 76 62 30 49 98 75 78 26 18 46 15 53 11 12 38 68 83
50 63 32 73 32 56 92 86 52 76 14 81 91 31 67 79 14 84 0 90 78 36 89 17 63 43 46 79 63 47 14 82 90 64 74 50 14 19 52 32 61 23 34 99 16 88 75 18 79 93 17
84 38 28 58 25 22 66 20 25 97 41 32 95 57 53 11 63 11 93 0 21 81 24 68 46 88 35 56 65 37 44 11 99 77 66 69 41 78 63 78 41 88 53 74 36 37 52 93 70 42 49
19 91 86 98 21 56 53 60 86 32 86 98 56 35 51 85 27 34 82 42 0 21 53 84 72 76 42 71 50 23 96 47 58 75 63 45 81 10 46 15 58 42 45 12 64 36 35 69 25 97 79
88 11 88 77 14 82 22 64 60 34 70 83 17 70 52 45 52 74 85 55 39 0 17 19 39 84 86 54 20 50 81 48 73 13 71 91 41 78 66 33 98 22 70 94 26 68 72 60 72 25 39
31 24 87 31 98 83 35 72 13 53 28 79 20 27 96 85 75 99 94 95 71 85 0 20 25 75 97 62 97 97 62 24 45 45 26 23 27 96 64 80 31 20 19 38 13 70 87 59 43 22 43
36 98 91 24 80 51 89 96 34 90 15 13 59 94 55 73 26 61 80 73 26 65 89 0 49 90 30 19 46 82 47 10 81 86 50 31 33 71 56 29 36 80 86 10 38 53 37 94 36 25 38
58 29 76 42 87 55 12 51 86 40 80 13 11 67 97 92 89 78 98 34 44 31 32 17 0 66 78 80 45 91 93 76 20 86 94 92 99 19 86 68 63 60 78 43 24 28 71 40 95 34 89
78 96 53 80 26 42 82 39 90 89 50 45 26 48 69 84 70 23 99 12 73 23 50 64 17 0 52 45 77 98 65 99 57 82 21 84 65 33 37 67 85 58 15 33 38 31 28 78 91 40 82
75 71 97 72 66 24 87 50 77 35 26 49 66 61 75 11 29 16 89 38 75 91 41 53 84 44 0 90 94 39 29 29 98 30 69 38 16 60 94 72 31 12 49 66 41 31 30 45 51 79 27
63 65 23 83 11 98 96 68 18 57 39 82 55 92 46 29 61 87 98 14 91 80 14 23 46 66 75 0 98 41 25 18 28 97 46 81 11 13 12 70 28 94 41 37 75 34 89 55 63 76 98
83 56 80 78 36 16 95 70 34 71 95 72 15 54 79 85 87 37 30 82 49 14 38 50 62 80 34 40 0 37 64 70 23 57 80 56 33 22 22 98 77 15 26 19 80 77 40 87 57 32 29
32 94 87 83 18 62 85 77 45 14 72 34 68 22 29 98 14 48 68 23 66 82 76 71 39 79 78 14 17 0 19 16 92 19 72 88 98 28 64 71 51 70 12 56 55 35 86 97 24 68 66
24 75 83 69 44 38 17 58 63 40 60 47 11 83 81 82 82 87 99 48 90 50 58 77 97 65 65 71 95 21 0 53 45 38 15 11 93 20 97 66 32 64 43 21 98 67 84 82 44 98 35
34 13 94 48 27 62 65 98 27 93 57 64 33 73 21 72 15 47 24 85 13 89 59 16 61 22 78 78 36 45 37 0 97 10 17 30 33 39 32 43 50 66 80 90 79 54 66 50 35 12 98
22 60 96 86 62 93 60 21 75 77 42 65 34 57 38 89 38 20 61 42 78 82 92 31 33 66 32 80 95 11 42 26 0 36 21 77 73 41 40 61 44 10 30 10 82 75 16 65 88 77 99
38 16 24 66 72 68 63 87 16 91 19 13 14 95 94 48 34 60 99 31 78 29 81 63 21 16 62 78 62 75 32 35 19 0 88 41 18 97 80 34 87 42 70 77 46 86 42 39 78 99 91
30 35 30 60 67 80 46 33 19 87 85 63 57 26 24 64 25 65 35 89 17 16 76 31 66 70 59 74 89 98 10 71 53 63 0 28 83 70 93 13 40 63 39 42 40 12 55 19 43 39 61
66 27 24 78 57 67 13 35 28 48 43 37 27 92 68 28 54 45 98 11 21 56 61 63 82 92 98 91 22 48 74 45 23 85 84 0 68 58 85 39 10 78 74 10 20 17 48 62 11 81 85
71 54 46 28 34 40 68 27 14 17 42 95 90 43 48 23 29 47 88 40 84 70 94 14 82 53 79 45 76 97 41 63 40 57 11 35 0 98 74 89 48 41 13 83 87 94 43 81 21 28 18
98 15 65 15 20 54 56 56 40 16 63 87 99 76 89 40 32 66 73 29 43 18 30 25 19 93 94 54 37 39 95 46 97 55 56 71 14 0 82 75 60 80 25 16 58 50 64 30 24 92 72
96 81 42 72 92 23 82 51 99 55 80 72 55 16 62 66 28 15 30 79 42 14 29 20 35 50 87 54 93 30 61 52 30 31 85 82 83 27 0 72 17 87 40 90 12 77 13 76 13 46 94
20 32 33 44 76 44 34 33 48 97 50 71 53 82 32 35 95 67 96 13 91 70 16 41 24 92 57 32 63 82 58 75 25 80 14 54 88 42 48 0 79 38 81 56 82 41 22 17 82 92 26
66 62 52 94 93 46 97 17 50 90 14 17 33 26 99 73 67 46 51 66 19 98 10 54 68 62 42 70 45 52 70 36 59 92 76 59 58 92 66 86 0 50 37 76 83 55 21 66 89 57 64
81 80 12 32 42 95 90 12 94 10 82 20 81 86 14 98 72 80 39 62 19 74 19 51 67 96 89 73 30 89 15 82 56 45 95 52 67 99 71 93 67 0 68 46 47 56 25 25 85 35 50
57 78 43 39 96 84 69 78 39 71 67 99 56 58 22 51 71 60 74 90 96 98 65 92 82 34 41 77 96 70 80 83 30 21 21 14 83 52 20 72 72 99 0 51 21 87 98 49 63 60 63
75 89 13 79 16 31 78 36 48 94 10 65 15 47 47 23 93 11 68 61 24 89 67 29 82 43 81 52 24 54 14 25 63 63 34 59 36 47 17 24 16 40 96 0 48 78 79 38 23 90 12
46 66 31 83 45 56 68 53 33 98 33 97 55 95 90 49 53 87 85 28 74 38 47 85 15 11 52 56 82 59 11 66 43 94 45 76 37 31 86 37 98 74 19 10 0 34 35 71 23 66 35
46 39 84 98 86 48 92 29 10 28 53 37 30 14 89 85 51 25 22 11 71 78 91 21 59 25 58 34 49 81 27 42 66 62 81 10 59 41 43 96 19 94 79 78 98 0 47 26 69 28 16
94 50 51 11 21 88 97 41 92 63 28 30 29 93 67 54 66 68 14 55 66 86 41 75 17 88 13 97 56 30 36 45 46 16 48 63 82 79 99 69 76 10 25 91 58 14 0 58 19 97 89
92 97 72 94 58 98 38 32 64 46 82 96 16 87 25 38 21 79 35 63 90 65 10 67 51 87 52 59 77 70 78 89 37 67 65 87 22 14 13 91 92 27 23 14 17 80 62 0 87 87 98
14 61 65 73 12 22 98 91 77 16 34 42 90 28 65 81 15 48 39 38 38 44 49 85 28 36 49 23 17 53 66 10 60 95 23 76 14 15 22 28 89 71 51 41 58 62 31 77 0 66 36
49 42 61 28 95 18 48 58 54 48 55 57 44 83 42 66 21 67 58 50 60 80 27 91 55 49 64 75 35 92 54 65 81 38 43 37 73 16 22 54 54 91 40 80 84 25 38 47 55 0 31
20 18 72 58 72 15 40 12 43 36 21 20 20 22 74 44 10 16 84 58 84 57 92 72 19 76 89 43 45 69 93 67 42 55 61 79 50 73 22 19 42 22 88 28 87 51 47 66 46 45 0
