20
64 1400 13
630 1933 7
1086 1571 15
643 2320 13
21 2545 16
1156 2531 7
109 2554 13
19 398 22
568 2583 9
1003 1950 9
393 1681 21
1247 1713 22
1005 2196 8
717 2434 28
113 1683 7
763 2567 25
23 1687 25
1690 2464 11
1012 2509 13
2477 2594 18
0 44 73 84 80 68 67 40 53 61 52 34 49 76 52 48 54 53 78 34 56
54 0 39 90 27 75 47 25 58 27 30 27 46 91 94 85 66 40 39 24 13
85 84 0 96 11 85 98 62 27 20 63 84 19 52 50 40 55 90 20 88 74
18 36 56 0 10 29 42 88 77 79 40 77 57 76 38 73 77 75 96 30 93
89 79 85 78 0 26 23 60 69 43 55 93 55 73 18 81 43 59 18 22 90
28 64 36 53 44 0 94 78 97 37 91 53 98 10 39 57 70 15 68 44 36
37 24 14 17 58 95 0 31 43 73 47 91 48 39 35 72 64 65 72 54 77
31 12 72 71 28 86 73 0 11 74 42 35 17 41 20 78 22 78 28 53 62
60 31 50 28 73 49 59 77 0 88 75 20 37 88 71 64 74 15 98 47 50
79 19 93 49 58 26 57 51 54 0 23 36 66 71 55 87 54 17 95 17 95
90 26 98 55 20 80 90 65 79 59 0 47 97 92 16 14 63 55 66 34 30
83 25 16 18 31 89 98 21 43 41 38 0 73 52 31 65 43 59 85 54 66
12 17 91 56 11 34 69 24 76 41 55 68 0 51 75 75 16 21 96 88 21
36 96 55 50 27 74 67 92 77 26 29 22 24 0 65 83 33 18 69 50 67
53 32 66 96 66 55 88 56 48 30 88 18 15 20 0 74 23 15 47 83 56
60 25 41 70 61 86 47 73 90 33 11 42 21 25 38 0 60 40 43 37 59
84 36 55 77 52 88 17 14 51 28 76 81 99 97 26 57 0 18 56 65 88
62 27 43 76 77 45 73 53 35 76 76 45 29 30 10 76 65 0 23 27 47
23 77 21 11 97 77 31 26 65 65 81 36 90 84 80 13 39 75 0 77 43
64 35 80 20 84 13 45 37 77 30 29 98 98 31 50 29 79 81 55 0 68
79 26 13 72 36 56 79 45 64 63 19 13 40 37 67 56 11 80 70 72 0
