100
1676 11970 20
2511 6424 24
4630 8077 28
4637 11343 15
4026 11394 20
9303 12097 10
114 9317 5
4489 9980 15
3869 10219 24
591 6246 15
482 5137 10
593 10290 15
2742 6325 13
3331 5321 5
529 10623 8
435 9216 21
1836 12010 24
853 3156 20
1446 5994 20
5134 12070 12
6473 10533 23
1891 8975 18
4396 7669 27
2401 4919 23
4300 11766 9
2002 4436 8
5034 10296 26
241 11949 28
1580 6359 23
36 9513 14
4170 5897 8
7986 12081 29
5749 11666 28
10259 11708 14
1441 5659 11
1672 11440 19
2102 7114 24
6383 10066 28
4260 9792 9
400 7918 6
917 11693 20
9141 11958 12
150 3350 21
3536 11957 21
6339 10087 18
30 9411 5
5952 6255 27
711 6254 26
4010 10196 5
918 10842 6
5449 11448 8
1157 9125 7
7783 12100 23
3004 7474 23
5090 10064 26
7730 11920 26
1477 6821 29
43 2741 9
695 11513 26
6270 11320 11
1881 11461 19
461 7172 9
2075 10285 12
150 7670 26
170 9436 13
264 7224 25
15 9676 20
747 10935 27
5042 8128 14
401 9761 14
4175 8585 25
758 9359 26
5453 11797 23
154 5188 10
4655 8762 22
3798 11724 22
5544 10367 8
1730 4321 21
1437 10661 5
1202 10975 25
3211 9763 25
611 7444 16
7052 10177 7
3432 9421 20
7107 11136 25
4670 8198 7
6007 7278 25
364 6091 8
101 11429 17
9394 11425 6
8255 11292 16
9743 11616 26
191 6449 12
8573 11171 27
6466 11950 28
3260 8338 12
907 7285 5
3606 9905 27
3357 9563 28
328 6064 5
0 96 34 49 56 55 30 49 94 31 21 59 22 20 97 64 47 73 63 41 77 87 50 22 36 98 40 32 78 84 70 90 15 16 54 37 66 56 25 82 25 14 52 44 12 81 22 57 70 67 86 71 37 29 10 63 88 89 24 26 44 22 19 45 79 15 55 29 60 82 14 33 45 24 30 28 32 82 19 53 99 72 46 30 24 18 28 63 71 53 28 10 64 62 55 91 13 40 59 58 71
51 0 97 79 93 43 83 78 53 53 87 26 34 64 17 19 91 49 95 58 95 40 18 31 70 34 20 27 83 12 41 84 35 54 77 59 68 70 96 16 93 23 18 79 82 47 29 43 41 21 45 99 27 82 78 35 74 23 30 35 46 63 23 33 50 12 21 34 99 77 23 41 61 94 85 78 45 48 35 43 25 11 54 55 57 14 83 39 34 24 78 71 40 83 92 92 85 57 85 42 10
97 91 0 66 80 47 15 63 84 60 12 47 69 54 21 19 70 68 60 34 23 60 75 42 43 23 99 68 36 68 29 83 36 72 85 13 48 55 43 38 80 82 84 31 58 26 48 65 73 66 70 60 73 45 23 46 31 62 42 84 81 47 16 80 46 63 80 14 15 42 51 68 37 29 83 96 36 96 24 82 42 56 84 25 48 47 34 59 13 54 41 16 81 27 49 76 48 79 80 10 12
96 31 30 0 36 71 33 72 25 25 77 98 76 65 18 69 66 66 47 60 14 70 45 50 66 35 70 81 21 54 39 33 22 92 14 43 40 75 61 31 39 94 13 95 49 44 48 48 90 86 32 80 98 28 90 58 89 18 41 84 23 47 16 83 23 29 84 96 93 64 73 38 24 25 20 36 53 60 81 17 86 23 67 20 27 94 43 36 52 67 59 15 41 96 87 75 44 87 25 21 37
79 57 41 44 0 95 25 33 74 84 93 29 81 28 28 28 47 74 86 70 12 70 64 38 63 81 68 38 53 64 88 52 54 87 97 91 41 58 26 37 54 22 16 72 91 72 80 56 66 45 41 93 87 11 82 45 88 53 34 97 17 56 38 29 63 76 79 20 95 45 78 46 14 20 71 94 51 51 86 52 45 26 39 34 80 81 55 83 55 11 78 61 50 60 10 31 54 72 85 30 29
75 35 37 19 84 0 32 68 43 24 80 40 47 22 81 10 89 58 44 38 86 49 78 77 54 60 57 57 85 57 50 92 69 14 48 86 44 72 88 16 70 72 27 35 27 91 11 33 43 76 60 10 32 54 39 24 91 89 93 84 60 30 31 12 44 94 96 28 92 10 25 48 24 15 64 56 85 89 12 38 96 63 44 11 85 86 48 93 99 35 90 67 24 66 87 61 66 67 86 36 59
41 43 85 76 27 66 0 99 90 35 31 14 31 96 89 85 15 16 52 64 95 99 82 42 97 58 93 18 58 68 44 48 28 66 63 38 71 52 42 31 69 34 79 53 18 90 97 81 66 18 58 85 26 24 99 72 63 96 75 66 56 63 88 23 17 92 38 77 17 26 34 85 88 14 33 60 38 54 75 55 15 75 52 16 37 55 52 59 73 29 61 29 27 13 32 87 89 23 65 45 54
94 12 25 11 37 30 51 0 62 99 20 59 87 83 99 36 49 29 11 60 82 95 91 28 52 94 27 52 13 50 88 49 81 64 13 45 84 82 37 64 96 24 43 42 43 97 49 45 40 41 53 71 44 78 31 36 49 45 60 21 42 80 25 81 52 93 16 38 40 64 97 78 61 91 54 38 28 26 97 80 59 63 96 37 22 25 31 80 24 56 45 41 35 18 86 22 99 91 70 64 53
30 32 43 16 11 33 87 81 0 91 30 62 62 55 84 82 69 95 97 91 52 66 33 62 11 11 17 51 47 74 40 45 95 85 73 49 15 15 35 62 10 30 80 81 19 41 59 16 65 31 48 13 67 34 82 86 85 64 69 60 97 20 22 89 34 67 33 18 97 26 69 92 41 64 63 11 28 16 42 71 71 21 47 30 63 60 32 87 41 34 41 11 76 87 57 30 67 37 65 61 91
27 18 27 49 49 18 64 54 16 0 19 12 32 26 87 24 49 53 39 72 33 14 10 65 83 79 76 15 93 82 60 79 33 44 57 24 21 35 51 41 68 36 45 85 74 25 62 39 67 60 14 66 74 50 38 52 82 74 43 96 54 91 87 99 15 36 34 75 49 17 45 10 11 97 22 79 83 32 78 67 63 62 22 39 91 56 68 24 41 34 78 40 19 36 39 31 45 29 60 21 60
92 35 64 46 51 52 87 28 68 74 0 40 43 11 26 90 56 28 27 72 67 16 60 52 58 32 38 24 21 29 44 77 49 92 25 29 23 26 57 12 41 98 67 83 82 98 84 65 61 17 48 87 72 90 62 82 97 93 49 51 19 96 90 32 99 22 76 58 38 86 80 94 83 34 64 68 37 74 65 20 20 43 73 62 95 57 44 45 75 48 76 77 40 34 33 39 81 47 11 92 82
59 93 44 96 56 19 12 91 15 55 17 0 53 60 74 97 41 24 81 67 27 34 50 10 79 43 69 85 55 40 10 78 16 10 96 35 76 77 82 35 66 25 84 97 55 77 46 95 65 21 44 33 89 85 85 39 48 46 79 34 98 89 64 62 77 39 57 98 80 44 70 81 50 36 58 71 31 58 21 16 89 31 79 47 25 42 18 72 72 24 97 14 41 70 10 57 53 67 90 87 16
61 40 81 41 58 29 93 22 33 20 91 73 0 33 16 47 40 92 61 66 56 88 89 67 78 88 54 26 92 40 91 90 94 74 72 73 87 98 17 63 94 58 64 88 60 96 59 78 94 14 41 10 95 73 14 39 41 40 15 86 55 83 83 65 36 49 52 18 85 63 75 58 96 25 85 75 58 36 76 47 66 15 30 42 29 54 10 17 28 29 73 10 43 30 94 23 46 82 58 83 48
67 12 40 72 34 12 61 46 63 64 66 47 27 0 63 58 71 49 44 40 37 56 90 44 88 57 38 64 50 23 21 47 27 41 82 99 44 55 95 84 94 50 21 42 66 20 67 21 57 54 22 15 71 13 47 28 50 62 82 69 12 94 93 99 60 97 98 45 57 56 90 74 70 18 65 54 42 64 63 81 46 42 37 31 95 10 26 21 25 44 55 19 27 39 56 49 78 14 45 22 40
74 90 40 13 15 54 68 10 45 35 45 23 67 26 0 91 52 54 68 12 47 12 60 81 56 48 55 26 87 85 45 78 81 15 35 36 49 71 19 55 59 82 27 56 70 50 52 96 29 70 13 27 72 19 19 79 94 92 91 99 37 57 43 57 10 53 98 50 90 45 99 88 32 91 33 11 61 25 63 79 68 97 45 39 32 97 24 90 23 56 91 88 74 65 29 92 81 92 52 94 99
51 71 76 12 61 73 93 90 19 17 31 21 46 20 47 0 19 84 99 95 20 63 88 60 99 24 67 78 33 40 35 11 11 69 73 68 29 64 76 58 79 28 93 46 68 98 28 90 12 73 48 10 55 73 49 44 48 39 56 96 37 20 98 95 37 32 96 17 50 32 78 69 65 27 76 50 97 15 60 35 72 64 55 36 39 49 27 37 22 21 77 65 60 72 88 21 35 38 33 21 46
97 42 30 43 30 98 47 50 18 44 23 45 31 71 60 15 0 81 97 36 44 31 18 39 46 14 93 66 73 82 50 69 56 39 45 68 79 45 24 23 39 32 29 65 97 23 43 60 70 67 45 30 83 13 60 20 67 34 68 29 43 43 70 88 58 84 98 31 39 42 20 26 14 97 46 39 86 13 90 75 34 54 45 76 67 11 98 20 94 27 92 30 18 28 46 22 94 18 75 68 88
92 50 50 13 68 39 81 62 29 88 70 74 28 26 38 35 34 0 54 20 94 40 54 70 62 83 94 46 20 84 37 35 64 22 77 17 94 40 39 24 74 76 66 51 15 63 67 17 96 88 25 70 27 34 74 68 97 82 67 13 16 50 18 41 79 45 94 70 45 87 81 27 84 77 25 24 97 76 88 52 47 46 10 77 48 91 83 16 59 97 83 20 80 69 27 51 86 69 64 66 85
26 70 28 99 67 85 10 81 46 16 31 36 74 36 45 26 72 28 0 87 95 45 66 14 26 68 31 51 17 38 26 80 90 18 33 80 43 69 79 66 15 55 87 93 69 56 53 72 25 11 49 51 13 90 31 61 27 80 99 17 49 77 49 71 14 51 66 17 91 26 78 50 39 15 11 22 97 62 48 36 39 17 31 41 80 18 50 71 28 81 36 54 34 70 72 97 70 21 71 51 52
55 62 53 37 89 67 65 62 89 93 84 35 53 44 56 39 34 76 43 0 52 82 99 70 30 63 54 27 31 99 64 95 94 98 46 95 91 22 10 17 32 17 79 36 58 47 42 91 27 89 69 99 45 89 62 17 54 15 73 85 59 81 18 33 92 57 38 32 18 31 92 62 12 95 65 43 89 15 55 82 11 90 98 99 49 11 90 87 57 54 90 71 73 54 10 75 45 82 58 43 92
26 61 15 80 10 81 38 80 63 48 33 97 44 70 41 92 13 23 87 45 0 78 18 60 99 13 50 76 24 15 21 72 71 12 53 24 79 85 88 54 52 50 46 88 92 67 82 99 97 47 98 86 92 92 65 25 88 63 27 26 15 28 41 28 62 67 22 94 64 70 85 43 36 63 92 49 63 55 55 85 71 54 33 87 22 75 18 67 96 91 33 75 12 11 40 23 38 88 11 53 58
34 67 81 42 97 91 59 52 37 79 45 59 67 77 67 87 89 29 98 33 63 0 22 81 92 21 51 98 48 43 29 27 60 35 70 64 20 79 22 78 34 12 56 74 78 23 67 29 45 41 66 47 20 42 54 47 44 86 90 17 88 68 56 39 16 95 39 99 62 88 36 85 29 28 84 34 15 32 12 29 49 49 24 15 49 63 24 96 52 42 90 76 78 35 13 88 53 96 69 56 79
42 12 86 41 96 58 33 38 18 42 91 74 37 41 94 91 86 18 91 87 25 25 0 37 45 15 66 43 11 59 64 78 92 43 12 85 96 10 10 11 45 45 79 73 40 66 79 44 85 64 94 11 90 26 82 37 68 59 36 97 50 56 59 79 55 67 94 57 12 64 12 19 45 13 49 18 43 26 42 11 16 56 38 69 22 32 31 24 89 41 75 92 56 23 30 47 93 35 22 43 75
91 52 84 69 60 44 94 30 56 98 45 60 12 73 73 44 20 48 13 10 60 68 29 0 22 47 38 70 93 82 20 12 36 26 10 65 64 13 46 99 49 94 42 58 14 97 53 96 86 91 99 50 28 93 78 56 58 81 48 69 85 44 85 64 96 73 94 95 68 80 57 28 35 71 15 45 63 52 22 25 63 70 69 87 56 73 47 86 89 70 64 75 72 16 58 33 62 75 96 18 38
44 60 42 47 68 78 85 45 15 28 72 24 92 29 72 44 66 46 74 85 16 68 80 19 0 16 18 37 58 10 60 14 48 83 30 88 86 58 54 70 69 23 67 19 81 74 83 62 62 75 79 59 64 55 69 70 31 12 43 72 61 85 17 20 96 46 89 22 90 58 42 22 24 72 70 97 68 61 31 17 66 31 18 20 57 15 22 49 85 92 75 69 67 26 68 89 69 19 70 16 72
86 94 88 63 93 16 48 55 35 69 16 47 52 39 76 20 68 11 93 37 44 80 99 59 53 0 44 28 23 89 95 84 34 99 55 34 63 90 54 41 68 24 88 98 79 32 79 15 46 56 47 79 22 22 96 83 27 89 60 99 31 55 49 28 70 96 85 33 52 99 87 88 99 21 59 75 68 37 25 50 83 58 29 33 24 68 41 92 39 32 13 76 45 16 31 20 50 75 57 21 19
64 59 36 25 50 90 17 40 77 92 54 56 91 79 80 95 35 44 67 21 86 64 24 58 63 35 0 42 79 46 62 55 27 36 46 44 15 47 54 88 97 16 42 61 34 47 68 51 35 21 26 91 81 58 84 40 38 33 87 48 92 89 28 83 70 10 19 30 92 84 68 35 81 55 97 73 44 17 17 92 71 45 21 78 31 91 84 97 63 18 84 27 20 36 79 33 95 51 97 94 82
73 26 78 88 85 15 24 57 19 54 46 85 71 91 61 29 23 29 41 30 44 57 62 63 90 16 17 0 72 89 46 88 96 35 85 46 91 81 44 14 27 49 27 99 13 86 40 71 34 61 49 83 96 95 53 27 40 33 77 22 86 51 37 45 84 60 53 54 49 75 78 40 30 69 54 70 37 41 51 97 48 51 29 93 44 59 31 18 65 71 65 22 63 38 79 36 57 27 12 84 70
83 51 96 93 29 58 76 84 32 51 54 90 40 89 73 40 18 20 82 45 75 24 99 88 19 13 48 36 0 73 58 96 62 81 47 27 64 99 42 20 33 68 84 81 98 75 18 11 61 60 83 30 29 94 67 53 20 60 90 37 14 12 36 86 46 86 38 45 51 72 13 35 97 48 31 14 64 92 33 57 59 60 40 42 45 19 94 17 90 91 32 42 31 47 27 53 20 41 39 63 22
71 24 72 57 12 32 74 45 91 70 86 42 23 28 72 36 37 14 52 26 25 85 45 22 16 71 12 32 61 0 65 91 35 23 44 21 66 25 82 26 96 52 38 48 77 41 10 90 92 37 15 10 27 39 25 15 41 42 51 52 80 63 71 89 42 50 81 14 92 17 24 99 32 30 13 17 68 57 44 64 11 38 24 91 25 64 75 63 81 94 62 35 25 15 45 78 73 83 56 21 16
45 24 52 31 93 50 49 47 22 69 91 66 21 31 12 68 27 97 46 25 83 23 18 97 51 59 32 32 64 11 0 60 51 51 86 92 41 47 79 87 69 44 42 59 20 57 80 43 45 63 90 35 31 69 88 65 74 12 91 77 52 34 21 80 23 91 44 32 68 73 65 22 72 33 38 17 20 40 48 80 54 34 72 18 54 74 87 15 44 84 65 32 84 91 53 94 81 42 50 76 25
76 78 43 81 71 16 62 64 57 88 26 11 75 64 62 34 21 46 78 90 60 59 47 88 25 60 65 71 31 23 15 0 60 18 34 10 29 35 70 98 33 45 75 83 45 17 43 77 48 54 19 72 34 33 61 86 13 83 69 53 49 60 44 31 42 82 94 10 45 57 17 99 78 99 50 77 67 21 50 21 61 44 74 81 11 42 44 30 74 99 29 35 12 43 57 87 22 58 79 96 66
49 60 88 15 89 21 87 27 82 11 94 52 15 66 54 43 29 44 52 34 86 78 81 79 99 28 36 12 85 42 41 25 0 91 24 13 70 93 22 90 30 37 56 81 73 59 80 23 10 44 94 59 31 91 98 34 74 96 87 28 73 91 66 80 91 87 17 22 87 38 68 32 37 19 90 38 28 64 42 64 15 92 63 95 39 55 50 64 30 90 27 43 23 66 65 19 12 80 69 11 64
44 72 69 65 65 77 83 35 46 38 98 56 41 11 50 36 39 79 85 54 78 41 41 37 35 21 84 21 94 52 32 97 25 0 28 66 27 26 64 67 47 58 20 82 55 92 74 63 51 59 37 73 55 62 86 96 97 93 30 70 65 75 15 63 89 27 66 32 19 86 42 84 38 83 47 11 48 72 18 83 85 99 76 16 81 27 35 93 92 23 99 50 32 20 72 63 34 77 44 36 26
14 34 33 81 11 28 80 43 58 48 66 52 68 95 25 90 62 11 69 65 78 24 32 24 71 77 11 72 54 22 53 48 76 91 0 66 64 76 27 50 55 30 98 71 92 44 29 35 11 17 97 85 65 30 91 31 40 53 21 63 95 22 36 10 18 43 44 78 59 48 80 45 44 86 93 51 47 57 51 17 85 29 22 27 57 35 67 71 56 74 14 32 91 33 93 60 90 41 95 98 11
17 81 51 77 61 68 50 83 68 31 40 34 62 11 15 15 60 46 66 54 29 95 93 29 48 69 75 15 42 74 86 12 79 77 77 0 91 54 68 80 77 31 46 45 70 70 25 96 23 21 21 94 13 71 98 13 73 99 99 36 25 41 26 38 45 65 95 79 31 69 38 59 23 68 65 34 41 95 24 34 98 11 83 25 29 26 54 79 94 15 22 21 16 62 71 42 12 51 32 87 26
91 98 35 47 37 69 71 89 63 10 92 36 66 78 13 19 51 12 93 94 82 39 63 28 25 62 26 85 95 59 50 81 99 96 30 79 0 13 82 53 76 11 56 26 59 71 62 51 13 92 34 85 38 31 72 69 38 24 43 48 70 10 99 62 27 90 13 40 53 45 93 52 72 29 70 47 33 31 53 36 11 41 17 22 91 47 13 10 36 60 19 12 44 43 10 93 68 75 84 64 40
67 36 47 82 47 22 22 28 57 77 12 51 72 16 84 89 76 93 74 93 37 86 21 59 65 76 15 23 52 72 76 75 69 12 92 11 64 0 98 55 87 76 83 77 89 16 92 86 75 13 41 54 45 91 45 25 72 47 28 97 48 86 94 76 42 78 36 33 87 23 22 69 65 98 96 98 28 54 12 69 72 40 92 30 29 67 79 88 13 57 16 70 18 84 79 93 66 61 67 66 51
17 78 55 79 49 81 92 32 21 47 12 17 90 29 92 64 73 59 38 90 93 84 47 79 48 61 50 17 75 30 69 86 29 45 59 89 48 56 0 49 33 10 84 94 63 85 73 86 51 57 23 74 82 83 56 73 20 57 26 10 83 17 59 54 52 26 34 45 30 20 13 76 58 90 92 51 27 40 59 79 86 74 22 84 31 61 72 76 75 77 28 44 91 33 66 19 28 25 55 11 93
49 21 34 80 17 58 48 74 93 87 53 33 62 17 87 50 60 98 93 64 86 25 10 65 99 85 23 97 30 29 76 71 61 25 14 90 93 89 70 0 97 94 65 49 45 34 95 25 35 31 25 78 49 11 56 17 26 86 56 23 41 67 80 92 40 13 23 46 79 12 38 35 43 44 28 11 78 53 15 84 48 51 37 22 15 58 83 50 30 38 44 23 47 11 85 14 12 27 48 25 32
53 69 77 28 23 82 70 49 29 98 98 31 46 77 21 90 68 64 94 23 41 11 27 40 57 73 28 18 73 29 51 64 34 54 93 93 11 14 60 92 0 87 52 57 90 68 97 39 57 56 31 73 93 87 97 54 99 71 86 70 91 84 37 51 39 55 46 77 51 74 92 43 69 12 79 80 43 68 26 34 52 77 37 39 91 41 75 86 46 38 45 54 44 88 16 60 83 77 29 86 48
41 30 17 41 59 23 77 33 14 96 87 84 80 50 20 28 25 44 92 64 40 82 37 13 54 19 62 25 34 69 70 76 38 79 58 44 92 64 76 42 96 0 47 10 91 54 18 83 68 77 19 55 83 78 11 23 32 65 64 22 24 81 50 56 56 37 67 88 73 46 91 21 68 41 30 72 40 59 78 72 83 70 72 91 69 99 48 97 37 69 18 89 11 45 78 45 25 12 57 16 24
67 10 24 26 92 53 44 63 26 26 29 39 63 88 57 75 73 25 39 67 37 26 84 94 57 74 35 89 70 71 56 84 90 48 86 26 21 31 32 66 29 39 0 52 33 42 46 82 22 38 26 49 18 12 91 69 70 28 48 17 81 71 86 21 75 81 52 29 22 53 96 29 59 52 19 97 49 32 97 44 74 30 86 58 94 46 35 93 46 49 26 65 23 59 52 28 54 75 93 20 73
40 65 43 14 54 37 48 65 38 81 44 78 47 79 21 95 73 29 40 90 69 14 77 86 39 20 84 94 97 93 42 92 89 25 53 95 67 30 19 92 69 77 41 0 24 85 60 69 26 46 67 56 92 20 53 12 98 78 16 71 63 80 69 92 98 21 13 26 99 42 29 67 87 49 76 40 84 30 48 64 26 46 96 36 43 26 71 60 54 80 74 50 70 28 31 36 19 14 63 62 63
65 28 73 34 24 39 21 64 42 78 89 76 81 62 98 89 54 73 17 61 55 36 29 76 66 58 54 42 27 66 84 95 24 98 82 76 49 72 31 97 15 61 16 17 0 48 86 37 77 32 71 28 85 34 41 47 14 60 29 46 89 68 54 42 48 98 80 11 18 55 84 31 78 96 93 16 42 42 49 73 39 32 59 32 40 89 15 16 52 69 15 17 72 78 23 85 20 79 17 81 23
25 87 28 73 96 44 61 45 21 72 66 28 53 78 99 45 10 16 81 83 86 34 58 98 54 33 22 76 71 93 79 27 38 58 52 68 41 70 95 87 85 72 28 82 11 0 94 60 67 47 79 68 57 66 18 80 10 42 55 36 54 25 88 35 89 34 82 20 28 87 97 61 64 74 61 80 13 45 78 95 85 81 68 53 65 26 90 61 95 68 95 62 50 74 91 78 42 41 75 72 90
46 79 98 86 97 63 66 30 66 27 38 17 86 76 48 36 12 47 11 55 33 43 29 86 41 94 77 75 18 22 86 89 41 38 56 23 30 40 36 17 66 32 75 40 30 33 0 17 36 10 50 14 47 37 13 52 53 21 41 77 89 57 42 20 68 31 80 70 32 48 83 18 36 78 73 17 28 66 39 22 79 73 32 46 65 76 12 29 19 86 30 75 77 87 58 33 68 73 15 64 59
13 28 49 49 33 41 97 15 73 26 43 72 55 60 63 64 17 35 44 62 99 23 60 53 12 95 39 46 80 28 98 34 19 85 96 49 48 61 29 73 50 53 76 10 93 99 14 0 86 74 77 81 13 52 61 27 10 32 84 81 59 36 74 53 90 76 50 65 82 49 50 81 56 64 11 63 60 98 74 33 12 10 41 55 98 68 80 74 70 44 38 61 17 83 77 40 99 15 14 98 60
25 88 93 83 34 97 19 61 38 17 12 10 71 67 92 18 27 55 67 91 31 85 44 54 51 98 76 44 44 63 94 77 53 56 64 72 88 26 72 89 89 39 20 77 21 68 84 27 0 67 20 94 75 87 13 58 93 55 18 89 64 77 65 18 86 54 22 75 52 28 44 18 86 80 36 24 22 78 14 66 97 59 75 14 35 98 59 66 75 21 63 35 99 27 89 32 72 39 15 88 31
72 87 55 89 64 65 97 52 31 64 56 35 71 56 91 71 57 14 58 61 37 29 45 31 84 62 80 31 83 26 48 50 10 16 89 61 74 77 21 29 33 84 81 15 88 50 26 14 70 0 14 14 96 90 86 70 66 13 35 36 51 71 23 39 23 77 33 16 81 33 68 73 61 29 97 10 13 74 63 53 57 17 69 19 65 85 50 20 86 38 82 60 64 50 83 90 20 66 22 96 60
40 82 87 60 48 35 28 47 37 51 73 23 91 75 10 33 17 74 24 82 21 81 62 23 96 52 10 76 66 88 54 77 32 49 30 35 92 27 57 17 37 60 55 93 45 50 18 49 83 31 0 42 32 13 10 83 84 19 98 81 36 31 39 86 53 61 31 73 30 61 26 55 36 83 77 17 50 56 24 88 71 41 94 15 43 60 54 90 48 42 18 21 96 49 95 78 97 79 31 74 39
91 37 94 56 81 23 32 84 30 73 52 61 38 88 20 58 67 76 78 76 60 28 56 90 28 85 64 24 66 75 66 45 42 87 63 53 77 50 65 99 63 36 21 35 19 29 65 37 94 67 85 0 13 59 11 57 88 66 72 64 95 75 95 25 66 99 28 15 17 62 80 95 77 94 53 20 14 74 32 96 53 16 96 32 35 68 99 20 14 33 72 80 61 13 52 40 95 19 33 87 35
54 38 80 33 38 95 45 17 31 36 51 93 44 58 42 66 37 39 97 15 62 41 95 42 68 28 64 75 94 82 66 43 91 14 97 63 62 28 52 17 39 61 38 13 87 90 21 22 25 52 12 17 0 34 62 48 46 39 38 77 77 93 83 51 24 96 64 97 70 83 98 31 38 36 32 20 90 30 95 38 35 67 89 47 65 33 66 47 36 48 97 11 44 89 41 16 93 98 42 48 39
27 82 16 41 10 92 93 44 42 45 79 57 45 40 81 30 61 93 25 94 54 89 87 94 56 64 17 89 65 31 10 74 97 77 22 94 75 62 52 40 89 22 51 99 32 45 10 51 11 94 93 15 35 0 65 97 44 50 92 44 31 28 19 17 15 88 35 51 94 74 58 82 18 85 49 79 55 76 29 73 51 45 77 85 21 24 85 65 63 36 78 78 70 79 28 89 44 76 53 87 97
67 58 11 30 37 69 61 84 15 19 15 55 36 44 69 63 50 34 17 48 81 25 19 80 13 91 58 46 14 31 41 11 64 75 58 94 88 48 98 98 41 87 12 58 23 32 27 37 34 86 39 70 29 44 0 53 35 29 61 26 69 55 42 64 33 82 41 59 38 87 21 51 81 48 28 10 92 16 14 89 27 66 21 83 88 77 58 48 73 41 75 40 82 95 37 56 42 75 82 70 78
45 17 97 17 94 15 30 50 91 21 62 67 44 85 43 17 38 51 75 72 86 82 49 69 92 63 79 24 91 15 14 89 28 54 84 12 52 78 40 85 14 52 87 95 33 52 17 28 71 27 17 32 98 45 62 0 72 16 75 54 26 16 23 12 92 36 47 76 54 58 11 10 82 10 65 19 42 15 19 91 29 60 41 13 97 10 59 31 42 31 64 34 18 97 74 28 63 20 52 96 98
97 88 59 93 93 86 67 54 74 71 12 17 26 54 54 38 29 27 24 38 51 81 42 46 19 15 67 66 94 73 54 60 25 58 20 40 69 25 80 95 14 60 72 11 98 61 74 85 17 20 18 80 19 53 68 43 0 32 62 92 48 78 66 29 44 28 93 71 88 28 50 51 64 19 68 57 52 23 38 60 42 76 57 75 65 52 70 96 58 19 26 60 55 50 71 13 83 21 35 16 17
96 84 19 28 14 66 30 39 55 70 46 75 75 55 32 77 44 31 47 26 97 58 51 72 49 13 23 12 20 25 53 20 84 18 51 50 61 27 50 68 30 76 39 83 26 37 55 13 18 95 27 48 62 32 40 45 21 0 91 61 69 53 13 61 21 13 22 20 36 49 61 62 83 39 17 77 30 97 61 72 87 50 27 66 58 61 17 59 74 21 57 91 24 40 44 38 54 44 83 30 18
62 12 28 55 20 92 69 74 10 20 97 74 48 55 51 90 35 50 35 33 54 32 57 26 57 46 39 31 98 60 14 90 66 72 17 97 69 64 10 94 27 37 49 38 90 64 88 92 60 75 55 90 40 85 66 95 99 81 0 99 41 75 42 76 62 28 78 25 52 48 46 91 56 21 98 76 53 90 81 49 85 59 73 70 54 34 34 69 53 20 18 58 20 27 28 49 26 37 90 25 27
96 87 61 12 65 52 44 25 51 22 89 70 13 47 23 60 41 98 37 65 36 38 91 73 50 16 67 73 69 21 67 86 51 45 72 40 19 66 56 45 73 30 43 17 95 39 45 58 39 84 95 52 88 52 10 66 87 34 47 0 30 92 60 92 45 10 54 50 29 75 81 96 75 53 70 82 23 64 86 72 78 61 13 61 66 62 95 28 59 42 36 73 83 60 85 30 19 43 23 89 50
74 66 70 92 99 89 17 27 82 90 93 58 36 84 95 69 24 95 26 63 35 37 31 27 86 21 89 84 89 10 50 68 84 16 27 61 88 17 66 92 36 80 54 43 59 62 59 26 72 54 12 11 97 71 14 60 62 61 42 29 0 71 45 93 82 68 16 26 37 52 54 65 25 53 49 86 29 45 57 83 38 87 77 66 32 77 47 49 96 96 91 48 25 29 78 15 24 94 10 18 41
90 29 90 50 66 36 19 83 48 63 79 63 85 89 13 10 13 64 77 76 49 40 35 31 71 62 63 53 16 39 51 97 34 51 80 96 35 32 19 49 69 60 25 53 66 93 50 17 96 60 72 94 22 57 98 81 36 72 91 71 65 0 80 90 72 49 21 14 49 99 14 25 40 26 61 68 35 90 48 99 13 56 46 41 51 21 16 44 88 20 67 64 45 82 63 18 71 98 19 71 42
26 26 22 36 75 32 43 85 34 31 46 48 47 76 89 38 59 60 89 18 92 82 67 46 14 77 24 26 75 17 97 21 32 17 64 26 59 73 42 19 78 78 33 57 29 19 47 98 91 89 14 11 99 75 50 31 12 74 23 94 25 70 0 43 95 60 52 83 72 84 72 95 17 64 61 61 61 18 80 45 19 17 22 76 27 38 85 89 41 42 35 29 99 66 45 16 56 76 42 40 95
58 88 83 11 30 13 72 37 26 80 60 92 90 55 17 59 83 57 75 88 16 67 91 63 81 85 65 94 57 69 84 65 45 96 59 23 80 50 34 86 47 59 59 21 94 10 53 66 60 94 47 50 95 95 56 55 39 95 79 88 31 18 44 0 83 35 84 74 17 56 89 56 99 95 39 77 70 37 18 27 41 36 58 76 12 10 34 86 18 95 38 78 12 34 23 42 13 81 83 87 55
43 70 20 39 99 99 97 38 30 81 67 90 54 35 19 90 79 30 37 10 39 43 56 58 45 40 43 24 20 50 85 30 21 22 29 42 70 39 17 44 81 64 72 93 30 38 25 49 18 24 38 41 17 63 13 70 47 19 56 21 94 52 55 64 0 44 58 82 54 71 21 78 11 31 29 15 35 72 16 37 25 64 40 42 88 82 88 67 80 84 90 17 96 67 26 17 54 19 53 13 60
68 58 28 99 71 97 14 19 71 59 54 12 72 89 23 84 71 20 52 93 14 88 34 20 66 52 19 93 18 14 49 61 61 83 78 48 31 61 78 54 62 83 33 44 88 85 54 17 10 82 45 80 22 37 81 92 27 19 84 91 71 98 19 30 13 0 30 83 53 35 77 17 70 83 53 14 36 99 49 38 82 32 26 61 93 35 34 59 50 22 83 16 78 87 62 34 77 19 79 55 12
43 83 64 97 14 42 94 95 24 13 86 89 14 95 28 92 70 12 95 26 61 11 78 19 73 63 56 75 68 65 43 53 54 71 51 42 32 33 67 29 58 87 48 76 97 29 64 26 94 74 37 95 42 60 70 87 48 18 73 61 39 61 17 39 32 89 0 42 76 80 15 74 73 40 44 15 88 17 84 23 99 98 53 32 11 90 11 82 55 18 91 62 88 66 68 78 87 96 80 55 63
59 94 33 81 44 74 30 58 13 28 64 23 93 80 69 24 17 97 94 11 89 70 11 72 56 57 85 45 21 21 74 76 11 52 18 89 90 41 57 52 99 96 45 48 63 22 33 14 49 74 51 44 51 32 44 21 90 95 94 89 24 60 54 59 98 70 96 0 57 48 96 40 66 95 77 53 30 13 99 21 68 92 52 47 43 88 95 18 67 12 27 96 57 88 86 78 91 90 50 75 28
48 90 82 42 54 88 61 46 29 11 48 33 72 91 16 91 69 19 22 29 62 54 37 24 85 41 78 18 97 20 96 42 45 30 52 23 55 39 31 76 75 98 54 12 44 12 63 60 64 40 56 46 41 78 97 44 35 25 82 63 88 73 81 91 41 23 61 42 0 97 11 77 56 59 41 88 81 63 70 77 33 60 58 76 41 80 40 93 47 64 54 32 94 52 44 47 74 45 19 60 40
49 95 37 67 72 82 96 76 54 87 61 31 84 33 41 17 85 77 91 81 63 93 69 48 26 72 52 90 24 68 47 90 13 58 40 68 81 65 10 72 13 54 66 71 83 10 64 38 10 34 70 50 82 79 41 23 47 16 20 50 72 94 93 36 33 63 82 17 82 0 33 70 59 57 14 60 68 63 83 86 17 82 32 66 31 77 43 19 15 74 85 74 56 65 98 13 39 90 50 77 86
98 11 50 26 25 58 39 32 34 59 64 26 31 13 22 16 88 12 37 78 87 75 91 46 75 33 79 96 35 87 62 16 72 48 39 96 66 81 45 44 25 80 74 84 41 30 63 27 20 92 93 55 76 91 44 14 22 98 58 31 95 12 15 94 72 59 27 23 32 79 0 44 86 43 76 86 11 45 51 82 98 43 87 29 70 64 68 15 75 15 80 88 40 98 28 32 49 37 54 90 80
51 49 43 18 22 77 74 72 17 15 21 59 17 41 27 14 10 73 75 51 50 42 23 72 95 95 72 91 29 58 40 37 28 47 64 17 66 13 63 47 63 66 54 14 26 44 50 70 58 53 65 35 56 93 31 31 15 80 31 93 31 30 75 67 21 56 44 85 76 76 76 0 15 95 66 94 85 52 35 70 94 45 28 35 65 22 94 93 37 76 14 35 51 51 54 16 33 47 12 53 92
67 77 83 76 98 29 55 10 23 99 31 81 88 45 72 35 77 27 71 70 38 10 91 35 51 88 31 25 28 19 84 32 60 61 59 56 68 21 50 86 56 30 28 53 90 18 98 67 66 23 62 45 25 28 90 29 54 27 89 84 72 71 58 86 77 65 81 38 49 89 40 56 0 17 53 16 97 32 41 75 52 73 75 67 48 14 33 99 18 40 64 96 31 76 10 56 59 39 97 71 73
77 34 94 24 48 32 11 56 39 93 44 38 35 33 65 84 15 90 85 11 85 14 64 53 11 27 93 78 88 36 70 43 20 92 49 12 38 63 60 67 66 10 99 58 84 15 45 42 54 79 23 86 18 86 46 34 28 59 92 94 68 24 91 86 92 31 78 34 11 57 67 83 22 0 10 35 40 83 25 51 44 14 22 73 78 32 20 54 39 80 50 51 31 88 50 97 88 75 65 79 39
39 25 29 64 39 95 21 80 58 91 96 74 31 60 44 40 35 46 60 14 59 53 22 96 14 73 12 41 36 31 95 19 28 73 91 81 66 55 30 93 43 10 27 83 34 29 17 79 53 31 44 60 17 42 46 12 23 49 60 32 53 14 98 93 66 56 34 38 56 58 14 39 62 28 0 36 59 12 55 32 80 32 83 44 66 58 26 17 55 86 15 44 58 85 34 52 66 39 84 49 17
47 83 50 93 83 64 87 92 97 94 58 20 89 37 41 47 12 25 97 22 66 19 65 96 93 14 41 78 86 73 76 69 12 77 99 50 31 57 69 51 81 14 56 25 99 70 71 19 72 49 59 31 86 27 26 37 77 18 73 99 62 85 16 17 28 88 81 12 30 88 95 37 35 28 75 0 55 29 26 25 99 10 53 97 81 10 37 55 98 39 10 61 19 95 20 45 57 16 21 57 61
27 73 55 96 59 20 89 61 32 50 31 58 20 88 95 91 86 52 53 69 78 52 40 27 94 60 33 85 53 52 79 42 46 39 14 54 77 28 58 92 31 70 77 83 45 14 83 71 61 96 64 67 91 47 49 95 49 57 89 66 59 31 70 76 63 99 74 42 98 61 67 99 22 82 91 42 0 51 72 16 60 86 25 50 49 28 43 48 47 16 97 53 83 64 84 33 88 21 24 15 76
83 17 47 89 33 18 84 64 99 84 96 44 77 90 77 29 31 82 43 79 89 78 49 52 66 41 35 10 41 67 44 60 23 98 54 34 77 76 82 52 73 93 58 22 34 38 29 48 94 41 48 80 35 57 69 56 22 45 64 63 98 68 16 96 60 45 98 25 24 67 85 69 64 91 51 89 83 0 96 74 42 36 53 80 88 45 48 47 78 78 61 32 16 65 64 94 13 17 47 13 43
93 74 10 16 49 29 82 25 45 32 39 44 30 76 86 79 78 79 14 44 23 25 30 58 37 38 26 27 30 33 40 33 63 72 26 65 99 78 70 95 48 31 13 90 12 91 26 11 18 78 44 68 73 53 36 23 18 88 85 76 51 17 79 38 67 53 57 19 45 22 91 36 35 16 36 87 57 17 0 87 70 36 75 28 50 10 52 30 84 34 36 52 43 78 28 99 40 34 25 75 53
34 21 68 90 44 49 64 41 16 74 90 93 29 92 31 54 95 59 63 69 76 42 56 50 76 52 84 52 99 82 86 48 73 82 94 92 67 89 89 29 25 31 10 66 32 46 83 86 14 60 64 98 23 75 14 56 84 97 52 14 70 79 45 21 17 19 87 50 89 45 51 95 99 78 63 45 11 73 56 0 54 13 12 66 15 16 79 90 15 21 86 81 57 75 46 53 93 64 66 27 35
57 72 84 72 13 67 52 21 16 34 15 71 87 81 16 72 44 20 61 47 71 24 44 33 93 65 69 68 73 69 63 46 47 28 38 15 55 43 84 76 97 84 42 71 33 27 29 72 83 42 53 48 23 87 62 55 63 11 25 55 53 69 51 86 10 49 94 67 27 54 92 76 83 62 18 84 32 45 32 98 0 30 87 88 29 24 59 59 81 42 41 10 46 86 97 61 22 42 17 47 49
55 28 75 55 22 97 82 50 99 44 89 67 53 58 39 64 77 93 89 74 49 45 36 83 53 21 11 33 93 90 38 48 98 54 11 49 33 15 81 70 45 62 21 89 22 39 71 27 81 19 19 15 53 85 23 16 89 20 70 52 41 55 74 31 52 61 43 78 71 56 37 38 73 24 56 54 32 45 93 22 59 0 69 20 77 37 56 84 50 91 88 64 62 51 55 36 87 66 93 39 51
52 74 82 30 64 73 43 73 29 14 31 76 32 94 56 90 18 36 43 42 44 50 67 10 98 92 73 52 64 21 96 18 40 23 30 83 32 29 75 17 43 37 77 38 32 97 30 50 61 26 33 22 90 64 62 92 53 89 76 34 93 98 29 59 28 98 99 60 58 56 91 22 86 98 75 40 67 96 34 62 55 22 0 94 61 13 69 31 27 44 65 74 82 93 29 41 89 98 18 51 95
45 26 15 92 59 69 59 73 94 31 31 66 37 52 36 70 39 45 73 46 79 94 39 27 62 13 16 55 77 70 30 74 60 22 55 23 23 95 90 42 51 39 69 52 28 65 76 91 47 92 67 60 15 88 80 78 58 21 87 35 66 71 64 51 38 35 99 97 94 97 63 79 76 88 79 84 58 71 50 34 51 27 76 0 97 64 52 91 37 90 28 25 69 28 71 39 65 23 60 39 57
23 11 98 99 57 40 68 68 62 11 53 14 32 83 14 39 88 59 27 23 45 98 87 89 87 18 64 61 81 83 97 67 69 86 92 80 95 21 63 54 66 74 75 63 11 21 12 77 94 87 60 38 75 19 92 95 19 58 65 16 28 13 22 50 14 96 95 40 42 43 53 82 63 36 61 19 29 45 85 58 50 70 81 53 0 43 54 60 48 85 58 77 48 71 44 48 64 50 10 46 64
55 85 59 51 52 57 56 23 63 39 85 55 86 57 60 31 22 51 48 61 21 46 31 36 72 49 23 25 31 19 46 26 37 13 43 61 45 11 50 48 69 59 45 45 31 49 73 74 89 72 96 61 74 61 24 53 44 60 32 27 52 64 96 97 65 41 29 21 86 97 79 99 36 69 87 43 62 16 52 63 95 62 72 23 89 0 62 88 91 70 11 61 29 16 64 94 13 51 90 31 88
91 86 10 33 57 38 89 88 22 36 34 79 55 10 10 41 83 73 89 74 17 88 69 74 59 12 88 56 47 32 97 58 11 32 71 81 62 60 71 63 96 37 75 13 52 45 40 66 90 88 36 34 19 14 22 61 66 32 79 94 64 46 76 71 63 85 22 76 76 34 84 70 56 98 52 76 51 20 70 69 76 34 51 91 15 31 0 96 65 99 36 68 29 44 51 74 10 13 67 96 36
27 78 70 19 12 31 37 23 61 71 38 94 47 77 11 33 49 63 41 89 36 97 37 96 11 77 39 71 30 95 62 94 13 55 27 58 13 43 34 13 78 12 46 20 70 79 67 58 20 50 37 18 14 90 64 46 20 85 95 90 82 58 72 45 25 72 94 75 60 98 91 78 94 75 60 23 19 15 62 77 37 70 64 13 49 56 71 0 74 19 60 63 96 57 11 67 93 59 31 99 27
39 49 45 16 32 39 44 12 14 20 27 39 13 84 18 50 91 72 19 91 58 20 11 80 58 72 23 65 16 13 31 12 89 15 71 20 90 50 91 51 67 87 27 58 68 85 59 76 82 75 53 12 71 84 63 13 92 91 74 44 92 23 56 45 42 91 97 17 57 97 98 12 60 12 16 43 61 16 26 73 75 24 66 75 65 92 56 87 0 70 20 21 35 76 13 60 30 32 22 87 51
67 21 76 14 14 81 76 63 52 38 23 17 22 57 86 60 92 37 14 43 65 54 91 96 11 15 77 20 55 33 58 22 93 63 85 46 37 79 85 67 17 36 75 55 91 78 84 22 51 72 12 87 18 32 73 53 10 38 43 23 88 77 92 15 74 44 52 98 55 89 55 49 64 63 96 65 68 68 61 15 51 42 34 90 35 23 54 56 99 0 38 49 62 17 45 60 39 12 37 30 33
44 19 87 57 70 94 81 66 54 93 76 91 44 48 27 83 78 33 48 51 12 69 80 85 57 21 23 52 38 88 54 24 69 72 85 21 90 31 82 71 72 63 30 93 24 44 14 86 53 10 55 93 45 30 72 35 94 92 62 56 17 92 57 42 30 22 20 95 43 15 98 29 86 52 79 68 45 25 39 85 10 10 41 78 62 76 55 35 94 10 0 82 43 59 35 60 89 23 92 60 86
48 25 49 92 59 39 21 75 81 91 96 87 64 59 85 70 39 99 40 89 26 82 39 27 76 32 60 49 94 24 43 81 25 13 43 49 69 44 13 53 33 84 35 46 95 55 65 13 39 69 97 25 80 64 84 56 74 50 13 87 26 17 38 28 42 13 82 70 96 49 35 85 63 39 62 26 85 16 77 78 40 68 29 17 99 62 93 55 20 20 24 0 50 45 30 75 88 70 35 84 93
79 52 31 59 53 45 92 80 65 46 76 86 21 17 37 85 68 97 76 94 21 79 80 14 19 89 41 29 46 33 36 81 66 93 56 16 45 40 57 74 84 18 98 20 61 50 19 85 98 55 11 19 82 47 10 78 37 92 21 46 65 56 91 72 13 18 87 85 82 57 61 51 99 79 30 70 84 33 20 15 15 16 85 22 23 91 64 34 44 14 71 63 0 41 31 68 47 47 55 32 77
92 87 88 23 62 49 13 54 50 77 78 86 32 63 67 85 88 26 16 63 86 14 78 63 51 47 93 41 67 77 97 86 82 28 47 63 31 34 43 70 26 50 88 34 86 77 70 17 38 90 79 52 24 53 66 50 64 53 91 13 40 93 34 68 94 62 92 50 25 97 10 56 66 62 60 59 22 11 66 14 43 27 69 16 64 36 69 51 62 23 86 74 55 0 14 34 66 92 47 62 34
94 68 65 89 39 83 64 42 54 65 53 78 76 38 52 57 57 81 44 22 36 96 77 29 75 56 69 98 48 44 35 80 78 19 78 50 64 11 13 53 79 95 91 47 83 41 75 65 20 20 93 13 94 75 52 45 55 74 80 80 28 55 24 81 35 22 94 81 63 27 18 25 60 40 43 40 80 69 75 40 21 32 35 74 43 61 70 12 74 91 48 31 70 92 0 29 10 81 55 23 64
72 21 37 71 32 74 89 78 74 45 61 22 20 27 97 99 15 94 84 87 61 85 40 61 53 16 19 11 70 19 59 32 88 91 68 26 27 43 61 50 61 43 94 51 43 38 72 56 15 20 31 95 67 42 84 76 47 34 40 52 35 61 87 61 72 18 40 80 78 27 83 96 18 46 63 51 81 84 43 82 17 88 55 10 82 83 55 35 97 51 47 45 54 15 63 0 67 42 21 12 32
55 23 14 75 28 59 72 76 29 72 74 94 60 77 48 85 57 47 42 94 12 20 21 20 67 48 89 17 15 53 10 35 71 34 85 90 39 29 82 81 20 67 29 46 24 11 92 19 64 92 19 35 86 72 60 30 69 72 89 41 91 73 93 37 84 82 31 41 55 64 37 76 55 13 57 12 75 21 71 20 25 80 50 20 97 91 81 89 95 64 19 74 84 44 93 13 0 86 85 95 79
74 61 26 49 71 77 10 63 64 55 71 35 16 18 40 15 93 38 62 96 50 63 39 88 24 46 41 40 28 72 44 91 82 47 50 62 37 78 93 91 22 61 50 19 64 56 37 30 96 20 84 47 80 55 46 30 20 21 86 14 28 23 97 37 78 34 27 87 82 32 22 82 52 58 92 28 26 79 88 69 99 47 11 71 61 90 87 95 58 19 77 70 60 98 89 66 92 0 72 39 94
11 49 50 97 20 49 26 62 76 15 76 34 79 48 48 11 51 42 23 82 85 75 53 63 30 72 78 14 37 35 86 82 81 14 54 11 20 44 74 89 48 61 28 83 75 98 34 23 81 68 91 99 57 28 50 22 75 90 60 92 50 57 56 25 47 30 28 37 77 43 41 46 42 28 60 23 28 80 90 72 97 34 15 37 91 71 45 79 91 11 78 98 20 87 83 48 36 36 0 78 78
94 68 65 95 91 34 63 78 68 54 47 91 80 10 58 64 57 63 99 80 44 21 10 94 56 10 60 49 29 41 87 28 31 38 92 28 81 91 32 94 92 46 96 12 72 32 93 90 32 49 28 27 32 10 73 51 98 80 90 36 15 89 21 82 22 73 16 31 93 88 19 86 26 10 77 21 54 92 31 57 41 53 17 41 64 56 98 77 38 59 79 24 39 68 25 23 91 27 46 0 19
28 10 79 20 69 58 15 61 60 78 74 76 28 63 21 63 95 50 86 18 74 28 70 98 74 73 83 43 88 48 16 37 26 12 72 66 42 77 40 52 88 21 13 79 67 86 27 12 86 25 58 92 88 87 81 65 37 82 42 97 96 55 77 96 67 96 47 38 20 70 72 42 24 47 40 20 73 49 37 51 95 71 93 61 19 82 19 48 71 64 74 52 22 51 62 71 65 37 12 92 0
